12 0.708958 0.486944 0.011250 0.015000
12 0.632917 0.471204 0.011111 0.015000
12 0.303264 0.471019 0.011250 0.015000
12 0.494375 0.470278 0.011250 0.015000
12 0.214028 0.470278 0.011111 0.015000
12 0.399514 0.469907 0.011250 0.015000
12 0.449931 0.426019 0.011250 0.015000
12 0.734167 0.425463 0.011111 0.015000
12 0.557847 0.425278 0.011250 0.015000
12 0.142431 0.424907 0.011250 0.015000
12 0.098542 0.423981 0.011250 0.015000
12 0.514931 0.413056 0.011250 0.015000
12 0.400486 0.398611 0.011250 0.015000
12 0.632708 0.398241 0.011250 0.015000
12 0.213403 0.397778 0.011250 0.014815
12 0.494375 0.397500 0.011250 0.015000
12 0.306597 0.396759 0.011250 0.015000
12 0.091042 0.379722 0.011250 0.015000
12 0.115486 0.360556 0.011250 0.014815
12 0.409931 0.358426 0.011250 0.015000
12 0.723681 0.347870 0.011250 0.015000
12 0.063681 0.325648 0.011250 0.015000
12 0.494167 0.323056 0.011111 0.015000
12 0.775069 0.322778 0.011250 0.014815
12 0.422569 0.319907 0.011250 0.015000
12 0.753819 0.285278 0.011250 0.015000
12 0.081458 0.284907 0.011250 0.015000
12 0.171736 0.236574 0.011250 0.015000
12 0.377153 0.235833 0.011250 0.015000
12 0.459097 0.235648 0.011250 0.015000
12 0.266042 0.235278 0.011250 0.015000
12 0.665764 0.234722 0.011250 0.015000
12 0.577014 0.234722 0.011250 0.015000
12 0.747986 0.234537 0.011250 0.015000
12 0.090208 0.234352 0.011250 0.015000
12 0.462986 0.185926 0.011250 0.015185
12 0.107153 0.051667 0.006528 0.023704
