12 0.414861 0.393241 0.011111 0.015000
12 0.646181 0.392407 0.011250 0.014815
12 0.245347 0.381481 0.011250 0.014815
12 0.263889 0.381204 0.011111 0.015000
12 0.588889 0.380648 0.011111 0.015000
12 0.483681 0.381296 0.012083 0.024074
12 0.420972 0.338333 0.011111 0.014815
12 0.577986 0.277870 0.011250 0.015000
12 0.238819 0.271204 0.011250 0.015000
12 0.273681 0.269537 0.011250 0.015000
12 0.506806 0.268519 0.011111 0.027037
12 0.671667 0.256481 0.011111 0.014815
12 0.082431 0.047593 0.006250 0.015556
