12 0.750972 0.431389 0.004167 0.005370
12 0.491528 0.431389 0.004167 0.005370
12 0.183403 0.431389 0.004028 0.005370
12 0.583750 0.413519 0.022222 0.003704
12 0.376389 0.412963 0.006667 0.002593
0 0.520833 0.417222 0.001111 0.029630
12 0.562292 0.405741 0.002639 0.019259
12 0.399792 0.405741 0.022083 0.019259
12 0.693889 0.399074 0.003333 0.010741
12 0.687639 0.399074 0.006667 0.010741
12 0.100972 0.399074 0.010556 0.010741
12 0.394653 0.357315 0.001806 0.011667
12 0.077986 0.356296 0.002917 0.012593
12 0.423958 0.354722 0.001806 0.016852
12 0.757917 0.352222 0.001944 0.022222
0 0.727431 0.352222 0.001806 0.022222
0 0.696875 0.352222 0.001806 0.022222
0 0.666319 0.352222 0.001806 0.022222
12 0.635833 0.352222 0.001944 0.022222
12 0.605278 0.352222 0.001944 0.022222
0 0.574792 0.352222 0.001806 0.022222
0 0.544236 0.352222 0.001806 0.022222
12 0.453194 0.352222 0.001944 0.022222
0 0.482917 0.346667 0.001944 0.024444
0 0.308819 0.346667 0.001806 0.024444
0 0.160486 0.340185 0.001806 0.029630
12 0.775278 0.321481 0.019722 0.005185
0 0.745278 0.319630 0.022222 0.001481
0 0.714028 0.319630 0.022222 0.001481
0 0.682778 0.319630 0.022222 0.001481
0 0.651528 0.319630 0.022222 0.001481
0 0.620278 0.319630 0.022222 0.001481
0 0.589028 0.319630 0.022222 0.001481
0 0.557778 0.319630 0.022222 0.001481
0 0.526528 0.319630 0.022222 0.001481
0 0.472431 0.319630 0.013194 0.001481
12 0.454792 0.323981 0.009306 0.010185
0 0.437153 0.319630 0.013194 0.001481
12 0.417917 0.326574 0.013889 0.015370
12 0.397986 0.329167 0.013194 0.020556
12 0.362708 0.331759 0.013194 0.025741
12 0.342708 0.321852 0.014028 0.005926
12 0.303264 0.320278 0.012917 0.002778
12 0.274931 0.331759 0.018750 0.025741
12 0.243681 0.331759 0.018750 0.025741
12 0.212431 0.334352 0.018750 0.030926
12 0.180069 0.334352 0.021806 0.030926
0 0.149236 0.319630 0.014861 0.001481
0 0.106597 0.319722 0.021806 0.001667
12 0.081458 0.323519 0.009861 0.009259
12 0.255764 0.305185 0.004028 0.007037
12 0.703264 0.301667 0.009306 0.002593
12 0.081736 0.301204 0.010417 0.001667
0 0.730278 0.300000 0.026667 0.003704
0 0.753125 0.286574 0.014028 0.001296
12 0.081597 0.289444 0.010139 0.009259
0 0.108333 0.284815 0.018333 0.002593
12 0.657361 0.281296 0.004167 0.010741
12 0.065972 0.268889 0.004167 0.005556
12 0.430694 0.266574 0.004167 0.005370
12 0.682986 0.264074 0.004028 0.010741
12 0.122708 0.262778 0.005417 0.010741
0 0.754167 0.255556 0.022222 0.002593
12 0.732014 0.269444 0.004028 0.030370
12 0.686319 0.260370 0.007917 0.020741
12 0.778472 0.248519 0.004167 0.005556
12 0.498472 0.243056 0.004167 0.005370
12 0.083333 0.240093 0.013611 0.002407
12 0.108333 0.238426 0.018333 0.003519
0 0.754167 0.224537 0.022222 0.002407
0 0.708611 0.220278 0.022222 0.001296
12 0.680625 0.221944 0.023472 0.012778
12 0.731389 0.228889 0.005278 0.028148
12 0.713819 0.207685 0.002639 0.005370
12 0.108333 0.195093 0.018333 0.004630
12 0.137500 0.197407 0.004167 0.010741
0 0.753125 0.192315 0.014028 0.001296
12 0.765278 0.190926 0.008333 0.006296
12 0.724444 0.189259 0.025278 0.024074
12 0.670000 0.182778 0.011667 0.011111
12 0.764028 0.178981 0.010833 0.003889
12 0.691250 0.189537 0.015278 0.025000
0 0.412778 0.239444 0.010556 0.124815
12 0.081736 0.186204 0.010417 0.018333
12 0.517639 0.176852 0.008056 0.001852
12 0.578056 0.174167 0.004167 0.007222
12 0.251736 0.173241 0.004028 0.005370
0 0.754167 0.159352 0.017778 0.001296
0 0.707083 0.159352 0.022222 0.001296
0 0.598472 0.159352 0.020278 0.001296
0 0.554028 0.159352 0.022222 0.001296
0 0.507847 0.159352 0.012639 0.001296
0 0.329306 0.159352 0.017778 0.001296
0 0.292639 0.159352 0.022222 0.001296
0 0.187500 0.159352 0.018333 0.001296
0 0.572569 0.159074 0.012361 0.001852
12 0.495069 0.158704 0.010417 0.002593
12 0.418472 0.158241 0.017500 0.003519
12 0.307917 0.153148 0.005833 0.013704
12 0.466736 0.152037 0.018750 0.015926
12 0.417778 0.140000 0.004167 0.010741
0 0.752222 0.127037 0.022222 0.002593
0 0.707083 0.127037 0.022222 0.002593
0 0.598333 0.127037 0.020556 0.002593
0 0.554028 0.126481 0.022222 0.001481
12 0.516667 0.134352 0.006944 0.017222
0 0.327361 0.127037 0.022222 0.002593
0 0.292639 0.126481 0.022222 0.001481
0 0.187500 0.127037 0.018333 0.002593
0 0.087917 0.127037 0.022222 0.002593
12 0.729653 0.129074 0.004861 0.010370
12 0.572708 0.129074 0.012639 0.010370
12 0.228889 0.122778 0.008056 0.010741
12 0.106042 0.128056 0.003750 0.022037
12 0.166111 0.121389 0.006389 0.011667
12 0.647500 0.119074 0.008056 0.010741
0 0.131528 0.112130 0.026111 0.001296
12 0.156806 0.112130 0.014167 0.003519
12 0.501111 0.119444 0.006111 0.024444
0 0.398472 0.116852 0.002222 0.028889
0 0.752222 0.094167 0.022222 0.002407
12 0.729792 0.102407 0.004583 0.018889
0 0.705764 0.094167 0.019028 0.002407
0 0.598333 0.094167 0.020556 0.002407
12 0.573194 0.102407 0.011667 0.018889
0 0.550417 0.094167 0.022222 0.002407
0 0.327361 0.094167 0.022222 0.002407
12 0.304792 0.093981 0.012639 0.002037
0 0.280139 0.094167 0.017222 0.002407
0 0.186667 0.094167 0.020556 0.002407
12 0.510764 0.093611 0.018472 0.003519
12 0.773889 0.088704 0.004167 0.005556
12 0.068819 0.084444 0.004028 0.005556
12 0.219792 0.082037 0.004028 0.005556
12 0.442917 0.081019 0.004167 0.005370
