12 0.609028 0.534074 0.009444 0.005185
12 0.578681 0.533519 0.011250 0.008519
12 0.087500 0.530648 0.005278 0.007222
12 0.238958 0.522037 0.006806 0.005185
12 0.306875 0.506667 0.008194 0.006296
12 0.244028 0.505556 0.004444 0.005926
12 0.679792 0.504259 0.004583 0.005926
12 0.107083 0.504259 0.004444 0.005926
12 0.457639 0.478889 0.004444 0.006296
12 0.114167 0.479444 0.004444 0.014444
12 0.625833 0.459815 0.004444 0.005926
12 0.674514 0.458148 0.010972 0.011852
12 0.087431 0.442963 0.004583 0.006667
12 0.640069 0.418704 0.005694 0.011852
12 0.111181 0.355278 0.004583 0.006111
12 0.715278 0.319537 0.008611 0.015000
12 0.397222 0.277500 0.008056 0.002407
12 0.246944 0.277685 0.008056 0.002778
12 0.716736 0.273704 0.004583 0.008889
12 0.562569 0.272222 0.004583 0.005926
12 0.684097 0.274907 0.011250 0.013519
12 0.454722 0.271111 0.004722 0.005926
12 0.430069 0.271111 0.004583 0.005926
12 0.344653 0.271111 0.005417 0.005926
12 0.250000 0.271111 0.004444 0.005926
12 0.168056 0.271111 0.004722 0.005926
12 0.135556 0.271111 0.004444 0.005926
12 0.397083 0.271296 0.006389 0.006667
