12 0.915926 0.955694 0.012593 0.020833
12 0.975093 0.955833 0.018333 0.021667
12 0.950185 0.955833 0.018148 0.021667
12 0.934722 0.955556 0.006111 0.021111
12 0.263148 0.578194 0.019259 0.024167
12 0.464722 0.366389 0.037963 0.057222
12 0.607963 0.365417 0.038148 0.056944
12 0.665185 0.363333 0.038148 0.057222
12 0.379352 0.363333 0.037963 0.057222
12 0.525370 0.362361 0.038148 0.056944
12 0.240185 0.362361 0.038148 0.056944
12 0.753981 0.359167 0.037963 0.057222
12 0.296667 0.335556 0.038148 0.057222
12 0.322870 0.137222 0.037963 0.057222
12 0.757407 0.125833 0.038148 0.057222
12 0.388981 0.124722 0.037963 0.057222
12 0.256111 0.123750 0.038148 0.056944
12 0.540556 0.121667 0.038148 0.057222
12 0.618333 0.119583 0.038148 0.056944
12 0.474444 0.119583 0.038148 0.056944
12 0.670648 0.118611 0.037963 0.057222
12 0.130370 0.096806 0.007037 0.080278
