12 0.619352 0.784028 0.015000 0.022500
12 0.823241 0.709306 0.015000 0.022500
12 0.832037 0.686389 0.014444 0.003333
12 0.832130 0.680000 0.015000 0.003889
12 0.832500 0.673194 0.014259 0.004167
12 0.235000 0.668750 0.027037 0.019722
12 0.826389 0.650278 0.015000 0.022222
12 0.245370 0.622083 0.005185 0.012500
12 0.781574 0.616528 0.015000 0.022500
12 0.779537 0.534444 0.015000 0.022222
12 0.779537 0.503611 0.014259 0.003889
12 0.779907 0.497222 0.015000 0.003889
12 0.779907 0.490556 0.015000 0.003889
12 0.291204 0.469444 0.016852 0.029444
12 0.291204 0.379583 0.016852 0.109722
12 0.580648 0.244028 0.015000 0.022500
12 0.720463 0.209167 0.015000 0.003889
12 0.720278 0.202778 0.014630 0.003889
12 0.291204 0.150833 0.016852 0.029444
12 0.291204 0.105972 0.016852 0.019167
