12 0.915926 0.955694 0.012593 0.020833
12 0.975093 0.955833 0.018333 0.021667
12 0.954352 0.955556 0.006111 0.021111
12 0.945370 0.955833 0.008519 0.021667
12 0.934537 0.955556 0.006111 0.021111
12 0.071944 0.722917 0.015000 0.022500
12 0.310278 0.686250 0.029815 0.022500
12 0.394815 0.665972 0.024815 0.025833
12 0.078426 0.661806 0.015000 0.022500
12 0.155556 0.664028 0.058148 0.030278
12 0.186759 0.640278 0.015000 0.017778
12 0.253704 0.601528 0.007037 0.019167
12 0.587037 0.598194 0.014815 0.018611
12 0.601759 0.595694 0.010556 0.015833
12 0.632130 0.593889 0.003889 0.013333
12 0.623056 0.591111 0.007963 0.008333
12 0.253704 0.561944 0.007037 0.019444
12 0.253704 0.452917 0.007037 0.039167
12 0.253704 0.403333 0.007037 0.019444
12 0.253704 0.334028 0.007037 0.078611
12 0.253704 0.205139 0.007037 0.019167
12 0.253704 0.105972 0.007037 0.019167
12 0.253704 0.066389 0.007037 0.019444
