12 0.919630 0.955417 0.009259 0.020833
12 0.976204 0.955556 0.018333 0.021667
12 0.955463 0.955278 0.006111 0.021111
12 0.946481 0.955556 0.008519 0.021667
12 0.936296 0.955278 0.008519 0.021111
2 0.369074 0.854722 0.618889 0.082778
12 0.520556 0.798750 0.007037 0.006389
12 0.588889 0.798333 0.007407 0.006667
12 0.095463 0.795556 0.013519 0.006111
12 0.305741 0.795556 0.007407 0.006667
12 0.391667 0.795278 0.007407 0.006667
12 0.297870 0.720417 0.009444 0.019167
12 0.297870 0.661111 0.009444 0.058889
12 0.297870 0.561944 0.009444 0.058889
12 0.297870 0.482500 0.009444 0.058889
0 0.485370 0.397500 0.384444 0.070556
2 0.470185 0.264306 0.354074 0.190833
12 0.575093 0.128472 0.137963 0.033056
12 0.434259 0.128472 0.137778 0.033056
10 0.327870 0.115972 0.069444 0.078611
