0 0.148056 0.912500 0.016481 0.002222
0 0.148056 0.883750 0.019074 0.001944
12 0.148148 0.877639 0.018889 0.004167
12 0.830556 0.843056 0.010741 0.017222
12 0.348611 0.830278 0.003519 0.008333
12 0.810278 0.824167 0.034630 0.035556
12 0.781111 0.799583 0.020000 0.028611
12 0.829537 0.786389 0.024630 0.036111
0 0.172130 0.829861 0.002037 0.167500
0 0.125556 0.829861 0.002593 0.167500
10 0.325833 0.827778 0.035000 0.170000
12 0.324167 0.734583 0.008704 0.010278
12 0.094259 0.730000 0.005926 0.010000
12 0.085463 0.731667 0.009074 0.013333
