12 0.287273 0.426042 0.005758 0.006667
12 0.287576 0.418542 0.007273 0.003333
0 0.181742 0.360625 0.026818 0.001250
0 0.795379 0.360312 0.026818 0.001458
12 0.322348 0.359271 0.018333 0.003542
12 0.542045 0.357187 0.004091 0.006458
12 0.847197 0.354271 0.011061 0.006042
12 0.119167 0.349167 0.004394 0.008750
12 0.536894 0.347292 0.004394 0.005833
12 0.550455 0.348333 0.001515 0.012500
12 0.710530 0.335729 0.014091 0.005625
12 0.577045 0.337708 0.007121 0.010833
12 0.265455 0.334792 0.013333 0.005833
12 0.585303 0.346354 0.015758 0.029375
12 0.544773 0.346146 0.018939 0.028958
12 0.570985 0.342917 0.017121 0.026667
12 0.849848 0.335521 0.008182 0.021042
12 0.819697 0.335521 0.008182 0.021042
12 0.787955 0.335521 0.008030 0.021042
12 0.756288 0.335521 0.008030 0.021042
12 0.672424 0.335521 0.008182 0.021042
12 0.640682 0.335521 0.008030 0.021042
12 0.608939 0.335521 0.008182 0.021042
12 0.410758 0.335521 0.008182 0.021042
12 0.379470 0.335521 0.008030 0.021042
12 0.347727 0.335521 0.008182 0.021042
12 0.315985 0.335521 0.008030 0.021042
12 0.231742 0.335521 0.008030 0.021042
12 0.200000 0.335521 0.008182 0.021042
12 0.168258 0.335521 0.008030 0.021042
12 0.136591 0.335521 0.008030 0.021042
12 0.839924 0.335104 0.008939 0.023542
12 0.809848 0.335104 0.008788 0.023542
12 0.778106 0.335104 0.008636 0.023542
12 0.745606 0.333333 0.007273 0.020000
12 0.662576 0.335104 0.008788 0.023542
12 0.630076 0.333333 0.007121 0.020000
12 0.599091 0.335104 0.008788 0.023542
12 0.403333 0.340000 0.019091 0.033333
12 0.369621 0.335104 0.008636 0.023542
12 0.337879 0.335104 0.008788 0.023542
12 0.305379 0.333333 0.007121 0.020000
12 0.221136 0.333333 0.007121 0.020000
12 0.190152 0.335104 0.008788 0.023542
12 0.158409 0.335104 0.008636 0.023542
12 0.126136 0.335104 0.009848 0.023542
12 0.327197 0.328333 0.005606 0.011667
12 0.426515 0.326042 0.001515 0.012500
12 0.799167 0.317604 0.004697 0.006042
12 0.767424 0.317604 0.004848 0.006042
12 0.651894 0.317604 0.004697 0.006042
12 0.620152 0.317604 0.004848 0.006042
12 0.358939 0.317604 0.004848 0.006042
12 0.327121 0.317604 0.004848 0.006042
12 0.211212 0.317604 0.004848 0.006042
12 0.179470 0.317604 0.004697 0.006042
12 0.147727 0.317604 0.004848 0.006042
12 0.844621 0.313750 0.011667 0.007083
12 0.829470 0.335625 0.013485 0.050833
12 0.719394 0.335625 0.043030 0.050833
12 0.684773 0.335729 0.007424 0.051042
12 0.405985 0.313333 0.013182 0.006250
12 0.386288 0.335625 0.026818 0.050833
12 0.294470 0.335625 0.011667 0.050833
12 0.257879 0.335729 0.042727 0.051042
12 0.786061 0.297708 0.014545 0.005833
12 0.629242 0.297292 0.010000 0.005833
12 0.309015 0.292187 0.021667 0.009375
12 0.574773 0.285938 0.008636 0.002292
12 0.406136 0.284062 0.013182 0.006042
12 0.844621 0.283542 0.011667 0.007083
12 0.797879 0.279792 0.004848 0.005833
12 0.766061 0.279792 0.004848 0.005833
12 0.734167 0.279792 0.004697 0.005833
12 0.649924 0.279792 0.004697 0.005833
12 0.618182 0.279792 0.004848 0.005833
12 0.356970 0.279792 0.004848 0.005833
12 0.325303 0.279792 0.004848 0.005833
12 0.241515 0.279792 0.004848 0.005833
12 0.209773 0.279792 0.004697 0.005833
12 0.178030 0.279792 0.004848 0.005833
12 0.146364 0.279792 0.004848 0.005833
12 0.585985 0.276042 0.006212 0.022083
12 0.515379 0.266562 0.009545 0.005208
12 0.461439 0.266562 0.009545 0.005208
12 0.797803 0.269167 0.005606 0.011667
12 0.283561 0.257188 0.008939 0.005625
12 0.608106 0.264062 0.007424 0.019792
12 0.346894 0.264062 0.007424 0.019792
12 0.263712 0.264062 0.008636 0.019792
12 0.199697 0.264062 0.007273 0.019792
12 0.723788 0.263958 0.007273 0.020000
12 0.167955 0.263958 0.007424 0.020000
12 0.497576 0.267604 0.005152 0.031458
0 0.477879 0.267500 0.001818 0.031250
12 0.840455 0.261875 0.008182 0.020833
12 0.745303 0.261875 0.008182 0.020833
12 0.692727 0.254583 0.007576 0.006250
12 0.401364 0.261875 0.008182 0.020833
12 0.304697 0.261875 0.008182 0.020833
12 0.220909 0.261875 0.008182 0.020833
12 0.125758 0.261875 0.008182 0.020833
12 0.808939 0.261771 0.008182 0.021042
12 0.777197 0.261771 0.008030 0.021042
12 0.713333 0.261771 0.008182 0.021042
12 0.661061 0.261771 0.008182 0.021042
12 0.629318 0.261771 0.008030 0.021042
12 0.597576 0.261771 0.008182 0.021042
12 0.368106 0.261771 0.008030 0.021042
12 0.336364 0.261771 0.008182 0.021042
12 0.252576 0.261771 0.008182 0.021042
12 0.189091 0.261771 0.008182 0.021042
12 0.157424 0.261771 0.008182 0.021042
12 0.850227 0.262188 0.008636 0.023542
12 0.819394 0.262188 0.010000 0.023542
12 0.787045 0.262188 0.008636 0.023542
12 0.755076 0.262188 0.008636 0.023542
12 0.670833 0.262188 0.008636 0.023542
12 0.639167 0.262188 0.008636 0.023542
12 0.411136 0.262188 0.008636 0.023542
12 0.377955 0.262188 0.008636 0.023542
12 0.314470 0.262188 0.008636 0.023542
12 0.230682 0.262188 0.008636 0.023542
12 0.135530 0.262188 0.008636 0.023542
12 0.701439 0.266562 0.007121 0.041042
12 0.682652 0.250312 0.011364 0.008542
12 0.292348 0.266562 0.007121 0.041042
12 0.273561 0.265417 0.011364 0.039583
12 0.858106 0.248229 0.004394 0.008542
12 0.555227 0.244792 0.013182 0.005833
12 0.443788 0.244167 0.006970 0.005833
12 0.398106 0.244167 0.011061 0.005833
12 0.837197 0.243125 0.011061 0.005833
12 0.432955 0.293125 0.038030 0.113750
12 0.391667 0.261667 0.015455 0.050833
12 0.829470 0.261562 0.013485 0.051042
0 0.795379 0.236667 0.026818 0.001250
0 0.215833 0.236563 0.013485 0.001458
0 0.181742 0.236875 0.026818 0.002083
0 0.147652 0.236563 0.013485 0.001458
12 0.121667 0.264271 0.010606 0.056875
12 0.663636 0.233958 0.003030 0.006667
12 0.313485 0.233958 0.003030 0.006667
12 0.730303 0.235208 0.020606 0.009583
12 0.582424 0.233854 0.010000 0.006875
12 0.556742 0.233854 0.013485 0.006875
12 0.530606 0.233854 0.010909 0.006875
12 0.246742 0.235208 0.020455 0.009583
