12 0.762847 0.604907 0.011250 0.015000
12 0.575139 0.604907 0.011111 0.015000
12 0.449792 0.604907 0.011250 0.015000
12 0.387778 0.604907 0.011111 0.015000
12 0.513333 0.604444 0.011111 0.014815
12 0.199861 0.603704 0.011111 0.014815
12 0.575278 0.492685 0.011111 0.015000
12 0.762847 0.492037 0.011250 0.014815
12 0.200278 0.492037 0.011111 0.014815
12 0.763056 0.374815 0.011111 0.014815
12 0.200417 0.374815 0.011111 0.014815
12 0.574931 0.374630 0.011250 0.014815
12 0.387083 0.373889 0.011111 0.014815
12 0.575139 0.261944 0.011111 0.015000
12 0.512778 0.261944 0.011111 0.015000
12 0.387778 0.261944 0.011111 0.015000
12 0.200069 0.261667 0.011250 0.014815
12 0.762639 0.261481 0.011111 0.014815
12 0.450139 0.261481 0.011111 0.014815
12 0.123125 0.051667 0.006528 0.023704
