12 0.293889 0.609167 0.021667 0.007593
12 0.311389 0.598333 0.013889 0.002963
12 0.387639 0.557222 0.006389 0.011111
12 0.293194 0.555926 0.008056 0.011111
12 0.510347 0.555278 0.002083 0.010926
12 0.420556 0.553333 0.003333 0.007037
12 0.514236 0.552130 0.003194 0.006852
12 0.544028 0.554630 0.006667 0.012222
12 0.416597 0.553981 0.002083 0.010926
12 0.481458 0.553889 0.006528 0.011111
12 0.358056 0.551481 0.003333 0.007037
12 0.606528 0.552685 0.006667 0.010926
12 0.575278 0.552685 0.006667 0.010926
12 0.353403 0.552685 0.003472 0.010926
12 0.621042 0.547315 0.010139 0.002778
12 0.589097 0.547315 0.010139 0.002778
12 0.559236 0.547315 0.010139 0.002778
12 0.527153 0.547315 0.010139 0.002778
12 0.495208 0.547315 0.010139 0.002778
12 0.464514 0.547315 0.010139 0.002778
12 0.433958 0.547315 0.010139 0.002778
12 0.402014 0.547315 0.010139 0.002778
12 0.372431 0.547315 0.010139 0.002778
12 0.341181 0.547315 0.010139 0.002778
12 0.309931 0.547315 0.010139 0.002778
12 0.277847 0.547315 0.010139 0.002778
12 0.510347 0.542685 0.002083 0.009815
12 0.387639 0.543704 0.006389 0.011852
12 0.293819 0.542593 0.006528 0.011852
12 0.416597 0.541389 0.002083 0.009815
12 0.543958 0.541667 0.006528 0.011852
12 0.354097 0.540093 0.002083 0.009815
12 0.481389 0.540556 0.006389 0.011852
12 0.606458 0.539074 0.006528 0.011852
12 0.575208 0.539074 0.006528 0.011852
12 0.399167 0.501204 0.007500 0.002778
12 0.495000 0.502130 0.013889 0.005000
12 0.620417 0.500741 0.013889 0.002963
12 0.557639 0.500741 0.013889 0.002963
2 0.482292 0.550741 0.686528 0.124815
12 0.495278 0.367222 0.013889 0.002963
12 0.402083 0.363611 0.007500 0.002778
12 0.369583 0.363704 0.013889 0.002963
12 0.622639 0.359815 0.013889 0.002963
12 0.588403 0.359722 0.007361 0.002778
12 0.481458 0.323981 0.006528 0.010926
12 0.358056 0.320926 0.003333 0.007037
12 0.420556 0.320556 0.003333 0.007037
12 0.510347 0.322315 0.002083 0.010926
12 0.606528 0.322130 0.006667 0.010926
12 0.389236 0.320185 0.003194 0.007037
12 0.354097 0.322130 0.002083 0.010926
12 0.416597 0.321759 0.002083 0.010926
12 0.544028 0.321111 0.006667 0.011111
12 0.575208 0.321204 0.006528 0.012407
12 0.450069 0.321204 0.006528 0.012407
12 0.385347 0.320463 0.002083 0.010926
12 0.510347 0.309722 0.002083 0.009815
12 0.354097 0.309537 0.002083 0.009815
12 0.481389 0.310370 0.006389 0.011852
12 0.416597 0.309167 0.002083 0.009815
12 0.389236 0.306852 0.003194 0.005556
12 0.385347 0.307870 0.002083 0.009815
12 0.621319 0.304167 0.010139 0.002778
12 0.589236 0.304167 0.010139 0.002778
12 0.559514 0.304167 0.010139 0.002778
12 0.527569 0.304167 0.010139 0.002778
12 0.497014 0.304167 0.010139 0.002778
12 0.465069 0.304167 0.010139 0.002778
12 0.433681 0.304167 0.010139 0.002778
12 0.401597 0.304167 0.010139 0.002778
12 0.371042 0.304167 0.010139 0.002778
12 0.338958 0.304167 0.010139 0.002778
12 0.606458 0.308519 0.006528 0.011852
12 0.543958 0.307778 0.006528 0.011852
12 0.575208 0.307130 0.006528 0.012407
12 0.622778 0.270741 0.013889 0.002963
12 0.373889 0.269444 0.013889 0.002963
12 0.498472 0.268519 0.013889 0.002963
12 0.433472 0.267593 0.013889 0.002963
12 0.560417 0.265926 0.013889 0.002963
12 0.481597 0.260463 0.017917 0.009815
2 0.482292 0.316574 0.686528 0.126481
