0 0.386288 0.490938 0.026818 0.001458
0 0.352197 0.490938 0.013485 0.001458
0 0.322348 0.490938 0.018333 0.001458
0 0.245682 0.490938 0.018333 0.001458
0 0.215833 0.490938 0.013485 0.001458
0 0.181742 0.490938 0.026818 0.001458
0 0.147652 0.490938 0.013485 0.001458
0 0.120227 0.490938 0.013485 0.001458
12 0.386288 0.479271 0.003788 0.005208
12 0.322348 0.479271 0.003788 0.005208
12 0.715000 0.478333 0.003030 0.007083
12 0.408788 0.457500 0.020909 0.039583
12 0.695682 0.425938 0.005606 0.006458
12 0.287273 0.426042 0.005758 0.006667
12 0.287576 0.418542 0.007273 0.003333
12 0.202652 0.393854 0.014697 0.003958
12 0.610076 0.392813 0.014697 0.007292
12 0.344848 0.390729 0.014848 0.007292
10 0.621212 0.431458 0.105152 0.100833
10 0.222045 0.431458 0.084394 0.100833
10 0.353182 0.426875 0.095758 0.095833
12 0.404470 0.397188 0.030152 0.037708
0 0.557727 0.429167 0.003333 0.122083
12 0.293258 0.428958 0.011970 0.125417
0 0.274091 0.428958 0.010606 0.125417
0 0.703030 0.427500 0.003636 0.125417
0 0.683182 0.427500 0.003636 0.125417
