12 0.409848 0.834375 0.015152 0.031250
0 0.247576 0.833854 0.001212 0.030208
12 0.441061 0.833854 0.013939 0.032292
12 0.222424 0.833854 0.013636 0.032292
0 0.412727 0.656250 0.001212 0.030417
12 0.337424 0.656667 0.013939 0.031250
12 0.282652 0.657396 0.005000 0.032708
0 0.098409 0.656250 0.001667 0.030417
12 0.787803 0.655729 0.013788 0.031458
12 0.692424 0.655625 0.006364 0.031250
12 0.610606 0.656146 0.015152 0.032292
12 0.582652 0.655729 0.014394 0.031458
12 0.541742 0.656146 0.013485 0.032292
12 0.228712 0.656146 0.005000 0.032292
12 0.637727 0.656146 0.005152 0.033125
12 0.814697 0.640104 0.013636 0.002292
12 0.514318 0.600104 0.014697 0.031458
12 0.336894 0.600104 0.014394 0.031458
12 0.814091 0.599583 0.013939 0.032500
12 0.746818 0.598646 0.014848 0.030625
12 0.691818 0.599167 0.005152 0.031667
12 0.583258 0.599479 0.013788 0.032292
12 0.473939 0.599583 0.014848 0.032500
12 0.445909 0.599063 0.013939 0.031458
12 0.377652 0.599583 0.014091 0.032500
12 0.310455 0.599479 0.013636 0.032292
12 0.637727 0.598958 0.005152 0.032083
12 0.282424 0.599271 0.004545 0.032708
12 0.228333 0.598958 0.005758 0.032083
0 0.434621 0.365521 0.001364 0.031042
0 0.403182 0.365208 0.001212 0.030417
0 0.184697 0.365521 0.001212 0.031042
12 0.222197 0.364687 0.014091 0.031458
12 0.228333 0.188854 0.005758 0.032708
0 0.286364 0.187396 0.002424 0.030208
12 0.281667 0.187292 0.003030 0.030417
12 0.541818 0.187812 0.013636 0.031875
12 0.637424 0.187708 0.005758 0.032083
12 0.746061 0.186979 0.013333 0.031458
12 0.719167 0.186979 0.014394 0.031458
12 0.336894 0.187292 0.012879 0.032083
12 0.105455 0.187396 0.014242 0.032292
12 0.692500 0.186354 0.006515 0.033125
0 0.695000 0.130833 0.001515 0.030417
12 0.638712 0.131042 0.003182 0.030833
0 0.126136 0.131146 0.001061 0.031042
12 0.690758 0.130625 0.003030 0.030833
12 0.228182 0.131250 0.006061 0.032083
12 0.814773 0.131042 0.014091 0.032083
0 0.467045 0.130521 0.001061 0.031042
0 0.286061 0.130417 0.001818 0.030833
12 0.281667 0.130417 0.003030 0.030833
12 0.719545 0.130833 0.013636 0.032500
12 0.105985 0.130625 0.016515 0.032083
