12 0.744470 0.615000 0.021364 0.008333
12 0.767955 0.614896 0.021364 0.008542
12 0.395076 0.585417 0.003485 0.010417
12 0.267197 0.563958 0.007121 0.010000
10 0.820833 0.587396 0.079848 0.076875
10 0.526364 0.587500 0.410606 0.077083
10 0.263864 0.587396 0.102273 0.076875
12 0.761364 0.420417 0.010303 0.006667
12 0.625000 0.420417 0.010303 0.006667
12 0.351970 0.420417 0.010909 0.006667
12 0.488788 0.395833 0.007273 0.010000
12 0.791742 0.428333 0.010152 0.081250
12 0.727121 0.428333 0.017273 0.081250
12 0.659015 0.428333 0.017121 0.081250
12 0.590833 0.428333 0.017424 0.081250
12 0.517273 0.428333 0.027879 0.081250
10 0.425682 0.428333 0.096212 0.081250
12 0.318030 0.428333 0.017273 0.081250
12 0.253409 0.428333 0.010152 0.081250
12 0.181288 0.377812 0.010758 0.001875
12 0.306894 0.295833 0.007121 0.010000
12 0.395076 0.271146 0.003485 0.009792
2 0.536288 0.267813 0.649545 0.078125
