12 0.750278 0.855278 0.005741 0.007778
12 0.710278 0.825694 0.007963 0.007500
12 0.723426 0.805556 0.007222 0.007222
12 0.741759 0.797917 0.006852 0.013611
12 0.750370 0.767917 0.011111 0.009167
12 0.730556 0.739861 0.005185 0.008056
12 0.776296 0.737222 0.006296 0.009444
0 0.756667 0.702917 0.041852 0.003056
12 0.709907 0.657778 0.007593 0.007778
0 0.756667 0.651111 0.041852 0.002222
12 0.754167 0.618889 0.015000 0.012222
0 0.756667 0.598889 0.041852 0.002778
0 0.757037 0.546944 0.042593 0.002222
12 0.741019 0.540139 0.009444 0.005278
0 0.776204 0.527639 0.027963 0.004722
12 0.701296 0.526806 0.008889 0.014167
0 0.717222 0.509583 0.049630 0.005833
0 0.763611 0.497639 0.027963 0.001944
12 0.731852 0.461806 0.005185 0.006944
0 0.763241 0.445556 0.027963 0.002222
12 0.702130 0.431806 0.005000 0.011944
12 0.772778 0.423333 0.008889 0.012222
0 0.763241 0.393472 0.027963 0.001944
0 0.717870 0.341389 0.027963 0.002222
12 0.934630 0.324028 0.009259 0.020833
12 0.764444 0.295972 0.007778 0.006944
0 0.717870 0.289167 0.027963 0.002222
12 0.726111 0.265694 0.006296 0.007500
12 0.926204 0.259028 0.023148 0.017500
0 0.717870 0.236250 0.027963 0.004722
12 0.735741 0.229167 0.005185 0.006667
12 0.775000 0.185972 0.006296 0.007500
12 0.751296 0.190000 0.011111 0.027222
12 0.770833 0.173611 0.007593 0.010000
12 0.763056 0.144167 0.005741 0.008889
