12 0.241481 0.748889 0.006296 0.009444
12 0.211944 0.689722 0.004630 0.008889
12 0.149167 0.653194 0.005741 0.008611
12 0.240833 0.624028 0.005370 0.009722
12 0.241019 0.612500 0.005741 0.009444
12 0.149074 0.610139 0.005926 0.008611
12 0.240648 0.570000 0.005000 0.008333
12 0.241204 0.535833 0.006111 0.009444
12 0.927685 0.325972 0.002037 0.014167
12 0.935463 0.323194 0.009074 0.020278
12 0.926852 0.258194 0.022593 0.017500
12 0.190093 0.163333 0.006111 0.009444
12 0.203333 0.100556 0.006296 0.009444
