12 0.236984 0.485556 0.009206 0.003556
12 0.176746 0.457667 0.012222 0.008667
12 0.243095 0.435667 0.006508 0.009556
12 0.226429 0.412444 0.045238 0.032000
12 0.243175 0.371333 0.006349 0.007556
12 0.211825 0.351667 0.075079 0.022889
12 0.243175 0.338778 0.006349 0.009556
12 0.243095 0.307556 0.006508 0.009778
12 0.209444 0.317333 0.011270 0.035556
12 0.243095 0.276333 0.006508 0.009556
0 0.171190 0.358111 0.008095 0.188667
12 0.243095 0.241889 0.006508 0.009556
12 0.207460 0.241889 0.007302 0.009556
12 0.243175 0.212444 0.006349 0.007556
12 0.242698 0.185222 0.007302 0.010444
0 0.171746 0.212111 0.007302 0.087333
