12 0.766593 0.345598 0.017148 0.011338
12 0.677596 0.344264 0.027469 0.017119
12 0.685218 0.328702 0.014767 0.009560
12 0.768339 0.328590 0.014925 0.009782
12 0.655287 0.325256 0.010480 0.017786
12 0.791997 0.313584 0.027945 0.017119
12 0.756431 0.301134 0.013655 0.015340
12 0.741982 0.299578 0.004128 0.014896
12 0.662433 0.291129 0.012385 0.015340
12 0.707606 0.303802 0.010003 0.045131
12 0.686885 0.258782 0.005081 0.007114
12 0.698873 0.257892 0.013814 0.008004
12 0.657828 0.258893 0.017466 0.018453
10 0.733328 0.299133 0.187202 0.129169
