12 0.164206 0.846556 0.011905 0.022889
12 0.354524 0.386667 0.007778 0.003111
12 0.072302 0.386111 0.015714 0.004222
12 0.382698 0.384444 0.005079 0.007556
12 0.647460 0.381111 0.026667 0.014222
12 0.631032 0.376222 0.011905 0.004444
12 0.595317 0.381111 0.036667 0.014222
0 0.252460 0.381111 0.085556 0.014222
12 0.160635 0.378556 0.015238 0.009111
12 0.095873 0.378556 0.017778 0.009111
12 0.071905 0.378778 0.013333 0.009556
12 0.690397 0.381000 0.018571 0.014444
12 0.133730 0.381000 0.035714 0.014444
0 0.466746 0.380889 0.124603 0.014667
12 0.398333 0.380889 0.015079 0.014667
12 0.343651 0.380889 0.084444 0.014667
12 0.201508 0.380889 0.027778 0.014667
