12 0.614365 0.821778 0.018254 0.012889
12 0.578651 0.821778 0.018254 0.012889
12 0.596746 0.796778 0.013492 0.012667
12 0.614365 0.784222 0.018254 0.012889
12 0.578651 0.784222 0.018254 0.012889
12 0.442460 0.764333 0.003968 0.006889
12 0.533095 0.763556 0.018254 0.012889
12 0.497381 0.763556 0.018254 0.012889
12 0.461667 0.763556 0.018254 0.012889
12 0.515000 0.751222 0.013492 0.012667
12 0.533095 0.726111 0.018254 0.013111
12 0.497381 0.726111 0.018254 0.013111
10 0.596746 0.745111 0.075397 0.091111
