0 0.402460 0.692667 0.036032 0.002667
0 0.339048 0.682333 0.031429 0.001556
12 0.421111 0.671778 0.012063 0.006667
12 0.343968 0.670333 0.026984 0.010000
12 0.406349 0.638111 0.013333 0.010889
12 0.349365 0.638111 0.013333 0.010889
12 0.396429 0.601556 0.013492 0.010667
12 0.339444 0.601556 0.013492 0.010667
0 0.381508 0.638778 0.006825 0.087778
0 0.373968 0.638889 0.002857 0.088000
0 0.407302 0.590111 0.053333 0.002444
0 0.407143 0.585000 0.053016 0.002444
0 0.348016 0.584889 0.049683 0.002222
12 0.401905 0.531889 0.022222 0.013111
12 0.349286 0.530333 0.013492 0.010000
12 0.341111 0.504111 0.028254 0.010000
12 0.430397 0.494333 0.005556 0.010000
12 0.405794 0.478778 0.055714 0.022000
12 0.390635 0.460111 0.004444 0.007778
12 0.391032 0.357778 0.013492 0.010222
12 0.446746 0.331556 0.013492 0.011111
12 0.446349 0.331889 0.029206 0.060667
