12 0.719127 0.810000 0.036349 0.046222
12 0.675000 0.810556 0.036349 0.047333
10 0.800079 0.821000 0.079524 0.069556
12 0.541349 0.730000 0.027460 0.036444
12 0.285476 0.720444 0.013175 0.019556
12 0.511111 0.729222 0.026032 0.038000
12 0.481349 0.729222 0.026825 0.038000
12 0.397857 0.720444 0.013492 0.020444
12 0.250952 0.720667 0.013333 0.020889
12 0.615317 0.734444 0.036349 0.051556
12 0.719444 0.733889 0.036349 0.051333
12 0.312063 0.342889 0.072063 0.045333
12 0.571825 0.343778 0.089365 0.048444
12 0.130952 0.343111 0.072381 0.047111
12 0.221667 0.342111 0.071905 0.046444
12 0.459206 0.341333 0.087619 0.045778
10 0.515159 0.268778 0.201111 0.047778
12 0.312063 0.260556 0.071111 0.054889
12 0.143651 0.261111 0.046984 0.057333
12 0.221905 0.260222 0.071429 0.056889
12 0.131032 0.064222 0.006825 0.035111
