12 0.758426 0.603333 0.015000 0.003889
12 0.743704 0.603333 0.011111 0.003889
12 0.643981 0.600000 0.007593 0.003889
0 0.749074 0.596667 0.033704 0.003889
12 0.211204 0.601111 0.033519 0.017222
12 0.211204 0.594583 0.013519 0.004167
12 0.196944 0.594583 0.010556 0.004167
0 0.210093 0.587917 0.030185 0.004167
12 0.758426 0.561806 0.015000 0.010278
12 0.748241 0.558611 0.012407 0.003889
12 0.733611 0.558611 0.012407 0.003889
12 0.210370 0.551389 0.010370 0.003889
12 0.215185 0.544722 0.020000 0.003889
12 0.586574 0.563333 0.083519 0.044444
12 0.499907 0.535000 0.016481 0.003889
0 0.494815 0.528333 0.026667 0.003889
12 0.473426 0.528333 0.012037 0.003889
12 0.488056 0.521667 0.015000 0.003889
12 0.474722 0.521667 0.007593 0.003889
0 0.477870 0.512778 0.087222 0.004444
10 0.773704 0.555417 0.110000 0.116944
0 0.635000 0.499167 0.041111 0.004444
12 0.530926 0.505972 0.041111 0.018056
0 0.426759 0.498472 0.041296 0.003056
0 0.322593 0.498472 0.041111 0.003056
10 0.182870 0.555972 0.110556 0.118056
