12 0.636852 0.824861 0.019630 0.003611
12 0.570185 0.824861 0.013333 0.003611
0 0.518241 0.824861 0.035370 0.003611
0 0.731019 0.825000 0.082037 0.004444
12 0.695185 0.815833 0.010370 0.003889
12 0.570278 0.815694 0.013148 0.003611
0 0.521759 0.815694 0.042407 0.003611
12 0.709630 0.815694 0.015185 0.004167
12 0.486667 0.807222 0.008889 0.003889
12 0.570278 0.806806 0.013148 0.003611
0 0.512685 0.806806 0.024259 0.003611
12 0.709630 0.806806 0.015185 0.004167
12 0.695185 0.806806 0.010370 0.004167
12 0.677315 0.797917 0.012037 0.003611
0 0.648333 0.797917 0.042593 0.003611
12 0.573241 0.797917 0.019074 0.003611
0 0.538148 0.797917 0.025185 0.003611
0 0.512222 0.797917 0.023333 0.003611
0 0.763611 0.798056 0.045370 0.004444
12 0.709167 0.798056 0.010185 0.004444
12 0.696389 0.798056 0.012778 0.004444
12 0.728519 0.797778 0.019630 0.004444
0 0.692778 0.789028 0.052593 0.004167
12 0.815370 0.779861 0.008519 0.004167
0 0.794167 0.780278 0.030556 0.005000
12 0.768333 0.779861 0.015185 0.004167
12 0.740741 0.779861 0.014815 0.004167
12 0.724074 0.780000 0.011111 0.004444
12 0.699074 0.779861 0.018148 0.004167
12 0.510463 0.775972 0.019815 0.003611
12 0.486944 0.775972 0.009444 0.003611
0 0.871759 0.771250 0.024630 0.004167
12 0.852778 0.771250 0.008519 0.004167
0 0.827500 0.771250 0.037593 0.004167
0 0.779630 0.771250 0.054074 0.004167
12 0.741481 0.771250 0.013333 0.004167
0 0.710093 0.771250 0.040556 0.004167
12 0.815370 0.762639 0.008519 0.004167
12 0.768519 0.762639 0.014815 0.004167
12 0.713426 0.762639 0.006852 0.004167
0 0.794167 0.762639 0.030556 0.004722
12 0.740648 0.762500 0.014630 0.004444
12 0.724074 0.762500 0.011111 0.004444
12 0.699074 0.762500 0.018148 0.004444
0 0.515926 0.758611 0.030741 0.003889
12 0.852778 0.754028 0.008519 0.004167
0 0.827500 0.754028 0.037593 0.004167
12 0.741574 0.754028 0.013519 0.004167
0 0.710648 0.754028 0.041667 0.004167
12 0.871759 0.753889 0.024630 0.004444
0 0.779630 0.753889 0.054074 0.004444
12 0.798148 0.745417 0.010000 0.004167
12 0.782037 0.745417 0.017778 0.004167
0 0.746852 0.745417 0.034815 0.004167
12 0.722593 0.745417 0.010000 0.004167
0 0.702685 0.745417 0.025370 0.004167
12 0.632037 0.745278 0.010000 0.003889
12 0.574074 0.745278 0.020741 0.003889
0 0.512407 0.745278 0.023704 0.003889
12 0.744630 0.736250 0.011111 0.004167
12 0.731296 0.736250 0.012963 0.004167
12 0.713704 0.736250 0.016667 0.004167
12 0.696574 0.736250 0.013148 0.004167
12 0.632037 0.730972 0.010000 0.003611
12 0.570648 0.730972 0.013889 0.003611
0 0.512407 0.730972 0.023704 0.003611
12 0.696296 0.727778 0.012963 0.003889
12 0.888241 0.727639 0.019074 0.004167
12 0.863148 0.727639 0.023333 0.004167
12 0.832315 0.727778 0.022778 0.004444
0 0.801111 0.727639 0.036296 0.004167
0 0.758519 0.727778 0.042593 0.004444
12 0.731296 0.727639 0.008148 0.004167
12 0.714444 0.727639 0.019259 0.004167
0 0.576852 0.717639 0.026667 0.003611
12 0.696296 0.716528 0.012963 0.004167
0 0.717593 0.716389 0.025556 0.004444
12 0.486944 0.714306 0.009444 0.003611
12 0.633426 0.713750 0.013148 0.003611
12 0.517963 0.713750 0.013333 0.003611
12 0.505093 0.713750 0.009074 0.003611
0 0.587963 0.710278 0.024815 0.003889
12 0.487037 0.702639 0.009630 0.003611
0 0.706111 0.702361 0.032593 0.004167
12 0.571019 0.702083 0.014630 0.003611
0 0.526111 0.702083 0.029259 0.003611
12 0.505093 0.702083 0.009074 0.003611
12 0.486574 0.693472 0.008704 0.003611
12 0.571111 0.692917 0.014815 0.003611
0 0.524630 0.692917 0.026296 0.003611
12 0.505093 0.692917 0.009074 0.003611
0 0.709907 0.693056 0.039815 0.004444
12 0.815370 0.684167 0.008519 0.003889
0 0.794167 0.684306 0.030556 0.004722
12 0.768519 0.684028 0.014815 0.004167
12 0.740648 0.684028 0.014630 0.004167
12 0.724074 0.684167 0.011111 0.004444
12 0.699074 0.684028 0.018148 0.004167
12 0.568889 0.675556 0.010370 0.003889
12 0.508981 0.675556 0.016852 0.003889
12 0.871759 0.675278 0.024630 0.004444
0 0.832870 0.675278 0.048333 0.004444
0 0.779630 0.675278 0.054074 0.004444
12 0.741481 0.675278 0.013333 0.004444
0 0.710741 0.675278 0.041481 0.004444
0 0.721667 0.666667 0.063704 0.004444
12 0.697685 0.657917 0.015370 0.004167
0 0.638704 0.654028 0.023704 0.003611
0 0.574444 0.654028 0.021481 0.003611
12 0.487685 0.654028 0.010926 0.003611
12 0.895000 0.649306 0.009630 0.004167
12 0.878796 0.649444 0.018704 0.004444
0 0.849444 0.649444 0.035185 0.004444
12 0.821389 0.649306 0.017593 0.004167
12 0.802130 0.649306 0.010926 0.004167
12 0.774815 0.649306 0.010370 0.004167
12 0.760741 0.649306 0.013333 0.004167
12 0.742315 0.649444 0.019815 0.004444
0 0.709537 0.649306 0.039444 0.004167
12 0.815370 0.640833 0.008519 0.003889
0 0.794167 0.641111 0.030556 0.005000
12 0.768333 0.640694 0.015185 0.004167
12 0.740648 0.640694 0.014630 0.004167
12 0.724074 0.640833 0.011111 0.004444
12 0.699074 0.640694 0.018148 0.004167
0 0.638704 0.632361 0.023704 0.003611
0 0.574444 0.632361 0.021481 0.003611
12 0.487685 0.632361 0.010926 0.003611
0 0.871759 0.632083 0.024630 0.004167
12 0.852778 0.632083 0.008519 0.004167
0 0.827500 0.632083 0.037593 0.004167
0 0.779630 0.632083 0.054074 0.004167
12 0.741481 0.632083 0.013333 0.004167
0 0.710741 0.632083 0.041481 0.004167
12 0.741389 0.623611 0.014259 0.004444
12 0.725648 0.623472 0.013889 0.004167
12 0.700926 0.623611 0.022222 0.004444
12 0.699722 0.614861 0.019444 0.004167
12 0.744815 0.614722 0.008889 0.004444
0 0.725000 0.614722 0.027407 0.004444
0 0.638704 0.610972 0.023704 0.003611
0 0.574352 0.610972 0.021667 0.003611
12 0.487593 0.610972 0.010741 0.003611
12 0.741389 0.606250 0.014259 0.004167
12 0.725556 0.606250 0.013704 0.004167
12 0.701019 0.606250 0.022037 0.004167
12 0.696296 0.597639 0.012963 0.004167
0 0.728704 0.597500 0.034815 0.004444
0 0.574444 0.593611 0.021481 0.003333
12 0.487685 0.593611 0.010926 0.003333
0 0.638704 0.593611 0.023704 0.003889
12 0.725556 0.589028 0.013704 0.004167
12 0.741389 0.588889 0.014259 0.004444
12 0.700926 0.588889 0.022222 0.004444
0 0.733056 0.580556 0.023519 0.003889
12 0.699722 0.580556 0.019815 0.003889
0 0.638704 0.576528 0.023704 0.003611
0 0.574444 0.576528 0.021481 0.003611
12 0.487685 0.576528 0.010926 0.003611
12 0.741389 0.571806 0.014259 0.004167
12 0.725556 0.571806 0.013704 0.004167
12 0.700926 0.571806 0.022222 0.004167
0 0.779352 0.563889 0.040926 0.005000
12 0.748611 0.563472 0.015370 0.004167
12 0.733981 0.563472 0.007963 0.004167
12 0.721019 0.563472 0.014630 0.004167
12 0.704259 0.563472 0.011111 0.004167
0 0.638796 0.555139 0.023889 0.003611
12 0.487500 0.555139 0.010556 0.003611
12 0.574352 0.555000 0.021667 0.003889
12 0.891944 0.554583 0.009444 0.004167
0 0.869259 0.554583 0.032593 0.004167
12 0.846296 0.554583 0.008519 0.004167
0 0.820926 0.554583 0.037778 0.004167
0 0.773056 0.554583 0.054259 0.004167
12 0.734815 0.554583 0.013333 0.004167
0 0.707315 0.554583 0.035000 0.004167
12 0.741111 0.545972 0.013704 0.004167
12 0.725741 0.545972 0.013704 0.004167
12 0.700926 0.545972 0.022222 0.004167
12 0.632870 0.537361 0.011667 0.003611
0 0.576111 0.537361 0.024815 0.003611
12 0.526852 0.537361 0.020370 0.003611
12 0.507778 0.537361 0.014444 0.003611
12 0.701574 0.537500 0.023148 0.004444
12 0.719537 0.528333 0.012778 0.004444
0 0.683241 0.528333 0.047222 0.004444
12 0.280833 0.313194 0.009074 0.007500
12 0.667407 0.315694 0.083704 0.045278
12 0.581574 0.315833 0.083519 0.045556
12 0.365556 0.315556 0.082593 0.045000
12 0.279167 0.315278 0.083519 0.045000
12 0.667037 0.276528 0.082593 0.019167
12 0.581574 0.276528 0.083519 0.019167
12 0.365185 0.276250 0.083333 0.018611
12 0.279537 0.276806 0.084259 0.019722
