0 0.142037 0.898611 0.107037 0.002778
0 0.171759 0.868611 0.021296 0.002778
12 0.271019 0.870972 0.004630 0.021944
12 0.109444 0.858472 0.018148 0.005833
12 0.297685 0.864306 0.002778 0.021944
12 0.322130 0.857639 0.015370 0.012500
12 0.171759 0.845556 0.024259 0.007222
12 0.261944 0.857500 0.004630 0.031667
12 0.109630 0.840278 0.020000 0.007222
0 0.164722 0.836667 0.045370 0.005556
12 0.289444 0.835000 0.004444 0.013333
12 0.109537 0.822639 0.023889 0.014722
12 0.239444 0.629444 0.011852 0.003333
0 0.249352 0.599722 0.022407 0.002778
12 0.274259 0.591111 0.008889 0.021111
0 0.261759 0.566111 0.052407 0.009444
12 0.274722 0.553889 0.005370 0.013889
12 0.229259 0.589028 0.012222 0.084167
0 0.185926 0.588750 0.002963 0.083611
