12 0.813704 0.893333 0.011111 0.020000
12 0.925741 0.776250 0.017407 0.029167
12 0.921481 0.751944 0.009630 0.012222
12 0.931389 0.744444 0.006111 0.027222
12 0.921389 0.737083 0.009444 0.012500
12 0.921389 0.723333 0.009444 0.014444
12 0.921389 0.707361 0.009444 0.012500
12 0.921389 0.691944 0.009444 0.012222
12 0.931389 0.705278 0.006111 0.040000
12 0.298333 0.455833 0.010741 0.010000
12 0.795278 0.455694 0.010926 0.010833
12 0.739537 0.455694 0.010926 0.010833
12 0.686574 0.455694 0.010926 0.010833
12 0.499074 0.454583 0.004074 0.008611
12 0.395833 0.455833 0.010926 0.011111
12 0.207593 0.455694 0.008519 0.010833
12 0.797685 0.288472 0.010926 0.003611
