12 0.272870 0.760000 0.004630 0.008889
12 0.239722 0.760278 0.007963 0.009444
12 0.228519 0.760278 0.012593 0.009444
12 0.212222 0.760278 0.015556 0.009444
12 0.343426 0.725000 0.005000 0.021667
12 0.233611 0.637083 0.003519 0.013056
12 0.323333 0.620556 0.010000 0.015000
10 0.356944 0.620139 0.170556 0.040278
12 0.448241 0.599722 0.017222 0.011111
12 0.465741 0.569444 0.004074 0.012778
12 0.958148 0.563750 0.016667 0.020278
12 0.447037 0.548611 0.019630 0.012778
12 0.962037 0.540833 0.004444 0.017778
12 0.435833 0.533056 0.007222 0.013333
12 0.413889 0.530278 0.010000 0.015000
12 0.957870 0.525139 0.012778 0.051944
12 0.449444 0.499028 0.008148 0.010278
12 0.448611 0.489861 0.008333 0.008056
12 0.440093 0.474167 0.009074 0.006667
12 0.434907 0.462083 0.014630 0.005833
10 0.341204 0.505139 0.205000 0.091944
12 0.219630 0.473194 0.038148 0.035278
12 0.469167 0.467778 0.024259 0.038333
