0 0.745556 0.905278 0.025926 0.004444
12 0.716296 0.905278 0.024815 0.004444
12 0.694259 0.905278 0.015556 0.004444
12 0.646759 0.905278 0.009074 0.004444
12 0.607407 0.905278 0.021481 0.004444
12 0.539444 0.905278 0.018148 0.004444
12 0.511852 0.905278 0.007407 0.004444
12 0.723519 0.894306 0.014074 0.004167
0 0.700648 0.894444 0.028333 0.004444
12 0.607407 0.894306 0.021481 0.004167
12 0.542593 0.894444 0.024815 0.004444
12 0.671296 0.883611 0.020000 0.004444
12 0.788981 0.872639 0.007593 0.004167
12 0.767407 0.872639 0.010370 0.004167
0 0.717315 0.872639 0.025741 0.004167
12 0.648241 0.872639 0.012037 0.004167
12 0.624630 0.872639 0.018148 0.004167
12 0.535463 0.872639 0.010185 0.004167
12 0.513148 0.872639 0.010000 0.004167
12 0.802130 0.872500 0.014630 0.004444
0 0.747037 0.872500 0.025926 0.004444
12 0.698611 0.872500 0.008333 0.004444
12 0.605278 0.872500 0.017222 0.004444
12 0.763056 0.862639 0.008704 0.004167
12 0.751111 0.862639 0.011852 0.004167
12 0.739444 0.862639 0.008148 0.004167
12 0.724259 0.862639 0.017407 0.004167
12 0.696389 0.862778 0.019815 0.004444
12 0.789907 0.854028 0.020926 0.004167
12 0.753611 0.854028 0.012778 0.004167
12 0.691667 0.854028 0.010370 0.004167
12 0.805833 0.853889 0.007222 0.004444
12 0.795185 0.845139 0.009630 0.004167
12 0.778519 0.845139 0.019259 0.004167
12 0.759074 0.845139 0.015926 0.004167
12 0.707685 0.845139 0.017222 0.004167
12 0.648056 0.845139 0.011667 0.004167
12 0.605000 0.845139 0.016667 0.004167
12 0.554074 0.845139 0.011481 0.004167
12 0.813426 0.845000 0.023148 0.004444
12 0.724630 0.844861 0.012593 0.004167
12 0.536759 0.845000 0.012778 0.004444
0 0.732870 0.833056 0.092778 0.005000
12 0.817130 0.824306 0.013148 0.004167
12 0.800093 0.824444 0.017222 0.004444
12 0.785926 0.824306 0.007778 0.004167
12 0.773426 0.824306 0.012037 0.004167
0 0.725000 0.824306 0.034815 0.004167
12 0.695926 0.824306 0.018889 0.004167
12 0.608426 0.824306 0.023519 0.004167
12 0.558333 0.824306 0.011481 0.004167
12 0.538796 0.824444 0.016852 0.004444
12 0.753704 0.824306 0.019259 0.004722
12 0.672685 0.813333 0.011667 0.004444
0 0.732315 0.802500 0.047593 0.004444
12 0.698519 0.802500 0.012222 0.004444
12 0.651759 0.802500 0.019444 0.004444
12 0.623148 0.802500 0.021852 0.004444
12 0.604815 0.802500 0.011481 0.004444
12 0.793148 0.792083 0.015926 0.004167
12 0.778519 0.792083 0.009630 0.004167
12 0.756759 0.792083 0.008704 0.004167
12 0.742407 0.792083 0.016296 0.004167
12 0.728704 0.792083 0.007407 0.004167
12 0.693241 0.792083 0.013519 0.004167
12 0.648056 0.792083 0.011667 0.004167
12 0.605000 0.792083 0.016667 0.004167
12 0.563519 0.792083 0.012963 0.004167
12 0.536759 0.792083 0.012778 0.004167
12 0.767130 0.791944 0.009074 0.004444
12 0.707407 0.791944 0.012222 0.004444
12 0.550370 0.791944 0.008889 0.004444
0 0.734722 0.782500 0.034630 0.005000
12 0.707037 0.782222 0.015185 0.004444
12 0.691481 0.782222 0.008519 0.004444
12 0.819907 0.773333 0.016852 0.004444
12 0.801759 0.773194 0.011667 0.004167
12 0.790556 0.773194 0.007407 0.004167
12 0.780000 0.773194 0.010000 0.004167
12 0.763981 0.773333 0.018704 0.004444
12 0.746667 0.773194 0.012593 0.004167
12 0.727037 0.773194 0.021111 0.004167
12 0.704259 0.773194 0.021111 0.004167
12 0.724815 0.764583 0.014815 0.004167
12 0.692685 0.764583 0.012407 0.004167
0 0.815741 0.764444 0.037407 0.004444
12 0.786204 0.764444 0.018333 0.004444
12 0.765648 0.764444 0.013519 0.004444
12 0.750556 0.764444 0.009630 0.004444
12 0.738981 0.764444 0.009815 0.004444
12 0.708333 0.764444 0.014815 0.004444
12 0.658519 0.764444 0.009259 0.004444
12 0.647130 0.764444 0.009815 0.004444
0 0.615185 0.764444 0.037037 0.004444
12 0.535463 0.764444 0.010185 0.004444
12 0.513148 0.764444 0.010000 0.004444
12 0.707037 0.754861 0.015185 0.004167
12 0.691481 0.754722 0.008519 0.003889
0 0.734722 0.755000 0.034630 0.005000
12 0.819907 0.745833 0.016852 0.004444
12 0.801759 0.745694 0.011667 0.004167
12 0.790556 0.745694 0.007407 0.004167
12 0.780000 0.745694 0.010000 0.004167
0 0.755648 0.745833 0.030556 0.004444
12 0.727037 0.745833 0.021111 0.004444
12 0.704259 0.745694 0.021111 0.004167
12 0.692685 0.737083 0.012407 0.004167
0 0.809815 0.736944 0.037407 0.004444
12 0.780278 0.736944 0.018333 0.004444
12 0.759722 0.736944 0.013519 0.004444
12 0.741574 0.736944 0.015370 0.004444
12 0.724815 0.736944 0.014815 0.004444
12 0.708333 0.736944 0.014815 0.004444
12 0.649630 0.736944 0.015185 0.004444
12 0.624630 0.736944 0.018148 0.004444
12 0.605278 0.736944 0.017222 0.004444
12 0.535463 0.736944 0.010185 0.004444
0 0.741759 0.726528 0.026111 0.004167
12 0.714352 0.726528 0.016481 0.004167
12 0.695278 0.726528 0.017593 0.004167
12 0.657778 0.726528 0.009259 0.004167
12 0.646852 0.726528 0.009259 0.004167
12 0.624630 0.726528 0.018148 0.004167
12 0.605278 0.726528 0.017222 0.004167
12 0.535463 0.726528 0.010185 0.004167
12 0.513148 0.726528 0.010000 0.004167
12 0.754167 0.715694 0.011296 0.004167
12 0.740463 0.715694 0.012778 0.004167
0 0.717315 0.715694 0.025741 0.004167
12 0.698519 0.715694 0.008519 0.004167
12 0.648241 0.715694 0.012037 0.004167
12 0.624630 0.715694 0.018148 0.004167
12 0.605278 0.715694 0.017222 0.004167
12 0.535463 0.715694 0.010185 0.004167
12 0.513148 0.715694 0.010000 0.004167
12 0.189907 0.708889 0.015741 0.005000
12 0.170833 0.708889 0.018333 0.005000
12 0.150370 0.708889 0.019259 0.005000
12 0.130741 0.708889 0.016667 0.005000
12 0.072037 0.708750 0.012222 0.004722
12 0.112963 0.708750 0.015556 0.005278
12 0.089352 0.708611 0.017963 0.005000
12 0.058056 0.708611 0.012407 0.005000
0 0.734722 0.706250 0.034630 0.004722
12 0.707130 0.705972 0.015000 0.004167
0 0.098704 0.698056 0.026667 0.003889
12 0.819907 0.696944 0.016852 0.004444
12 0.801759 0.697083 0.011667 0.004722
12 0.790556 0.696944 0.007407 0.004444
0 0.769815 0.697083 0.030370 0.004722
12 0.746667 0.696944 0.012593 0.004444
12 0.727037 0.696944 0.021111 0.004444
12 0.704259 0.696944 0.021111 0.004444
0 0.793241 0.688194 0.057222 0.004167
12 0.754444 0.688194 0.011111 0.004167
12 0.738426 0.688194 0.008704 0.004167
12 0.724815 0.688194 0.014815 0.004167
12 0.708333 0.688194 0.014815 0.004167
12 0.692685 0.688194 0.012407 0.004167
12 0.646481 0.688194 0.008519 0.004167
12 0.624630 0.688194 0.018148 0.004167
12 0.605278 0.688194 0.017222 0.004167
12 0.535463 0.688194 0.010185 0.004167
12 0.512963 0.688194 0.009630 0.004167
12 0.152222 0.687917 0.008519 0.004167
12 0.098611 0.687361 0.012407 0.004167
12 0.281204 0.678056 0.011296 0.004444
12 0.763333 0.677778 0.011852 0.004444
12 0.749352 0.677778 0.013519 0.004444
0 0.726944 0.677778 0.026481 0.004444
12 0.690741 0.677778 0.008519 0.004444
12 0.652222 0.677778 0.020000 0.004444
12 0.540556 0.677778 0.020370 0.004444
12 0.109537 0.673472 0.012037 0.004167
12 0.301389 0.669306 0.007593 0.004167
12 0.261944 0.669306 0.010185 0.004167
12 0.280648 0.669167 0.023519 0.004444
12 0.671296 0.666944 0.008889 0.004444
12 0.281204 0.660972 0.011296 0.004167
12 0.226759 0.656944 0.010185 0.004444
0 0.754444 0.656528 0.024444 0.004167
12 0.731574 0.656528 0.008704 0.004167
12 0.713981 0.656528 0.022778 0.004167
12 0.696481 0.656528 0.008889 0.004167
12 0.649537 0.656528 0.014630 0.004167
12 0.606204 0.656528 0.019074 0.004167
12 0.561204 0.656528 0.008333 0.004167
12 0.550370 0.656528 0.008889 0.004167
12 0.536759 0.656528 0.012778 0.004167
12 0.512500 0.656528 0.008704 0.004167
12 0.191481 0.656389 0.018889 0.004444
12 0.110556 0.656250 0.011852 0.004167
12 0.091759 0.656389 0.021667 0.004444
12 0.301389 0.652083 0.007593 0.004167
12 0.280648 0.652083 0.023519 0.004167
12 0.261944 0.652083 0.010185 0.004167
12 0.707037 0.645694 0.012222 0.004167
12 0.693148 0.645694 0.013333 0.004167
12 0.675093 0.645694 0.013889 0.004167
12 0.655741 0.645694 0.011111 0.004167
12 0.602685 0.645694 0.012037 0.004167
12 0.562222 0.645694 0.008519 0.004167
12 0.550370 0.645694 0.008889 0.004167
12 0.537315 0.645694 0.013889 0.004167
12 0.281204 0.644028 0.011296 0.004167
0 0.109167 0.639583 0.026481 0.004167
12 0.083333 0.639444 0.016667 0.004444
12 0.301389 0.635278 0.007593 0.004444
0 0.282315 0.635278 0.026852 0.004444
12 0.261944 0.635278 0.010185 0.004444
12 0.523426 0.634583 0.008333 0.004167
12 0.512593 0.634583 0.008889 0.004167
12 0.693704 0.623333 0.014444 0.003889
0 0.546481 0.623333 0.032222 0.003889
12 0.708611 0.623194 0.012037 0.004167
12 0.293611 0.623333 0.021667 0.004444
12 0.272593 0.623333 0.017037 0.004444
12 0.194907 0.623056 0.013148 0.004444
12 0.105000 0.619028 0.011852 0.004167
12 0.091759 0.619028 0.010926 0.004167
12 0.300093 0.614583 0.010556 0.004167
12 0.283241 0.614583 0.015370 0.004167
12 0.193519 0.614444 0.010370 0.004444
12 0.710648 0.612500 0.012037 0.004444
12 0.694722 0.612500 0.016481 0.004444
12 0.551852 0.612500 0.021481 0.004444
12 0.280833 0.603194 0.021667 0.004167
12 0.694537 0.600694 0.016111 0.004167
0 0.654259 0.600694 0.024074 0.004167
12 0.152500 0.599028 0.009444 0.004167
0 0.101019 0.598611 0.037963 0.004444
12 0.287130 0.594444 0.022778 0.004444
12 0.268241 0.594444 0.010556 0.004444
12 0.805185 0.591806 0.015926 0.004167
0 0.778704 0.591806 0.030000 0.004167
12 0.747130 0.591806 0.013889 0.004167
12 0.653148 0.591806 0.021852 0.004167
12 0.604630 0.591806 0.015926 0.004167
12 0.534722 0.591806 0.008704 0.004167
12 0.698611 0.591667 0.024259 0.004444
12 0.545741 0.591667 0.010000 0.004444
12 0.721019 0.591528 0.013519 0.004722
12 0.280741 0.586528 0.021481 0.005278
12 0.098796 0.581528 0.012778 0.004167
12 0.671759 0.580833 0.012037 0.004444
12 0.287130 0.577500 0.022778 0.004444
12 0.268241 0.577500 0.010556 0.004444
12 0.695093 0.569306 0.017222 0.004167
12 0.648426 0.569306 0.012407 0.004167
12 0.600556 0.569306 0.007778 0.004167
0 0.572222 0.569306 0.024444 0.004167
12 0.549352 0.569306 0.017222 0.004167
12 0.513056 0.569306 0.009815 0.004167
12 0.230093 0.568333 0.011667 0.004444
12 0.151944 0.568333 0.008333 0.004444
12 0.131667 0.568333 0.011852 0.004444
12 0.057593 0.568333 0.011852 0.004444
12 0.281019 0.567778 0.011667 0.004444
12 0.194444 0.567778 0.008889 0.004444
12 0.108519 0.567778 0.024444 0.004444
12 0.085556 0.567778 0.017407 0.004444
12 0.690648 0.557222 0.015370 0.005000
12 0.669167 0.557222 0.013519 0.005000
12 0.652407 0.557222 0.016667 0.005000
12 0.202037 0.556944 0.015556 0.005000
0 0.175463 0.556944 0.033148 0.005000
12 0.157685 0.076667 0.006852 0.040000
