12 0.958148 0.563750 0.016667 0.020278
12 0.962037 0.540833 0.004444 0.017778
12 0.278981 0.523611 0.015000 0.022222
12 0.957870 0.525139 0.012778 0.051944
0 0.352130 0.450972 0.212778 0.004722
12 0.139074 0.137222 0.024815 0.025000
12 0.211204 0.137778 0.031296 0.027778
12 0.175093 0.139167 0.031296 0.030556
12 0.067500 0.142083 0.029444 0.038611
12 0.103056 0.137083 0.029815 0.043056
12 0.284630 0.112917 0.014074 0.004722
12 0.317685 0.112778 0.008333 0.005000
12 0.300926 0.114028 0.014444 0.007500
12 0.373796 0.105556 0.014259 0.015556
12 0.273611 0.093056 0.036111 0.006667
12 0.058889 0.078889 0.015926 0.005000
12 0.485833 0.079861 0.027593 0.040833
12 0.093148 0.066389 0.007037 0.019444
