0 0.731019 0.822639 0.082037 0.004167
12 0.636852 0.822500 0.019630 0.003889
12 0.570185 0.822500 0.013333 0.003889
0 0.518241 0.822500 0.035370 0.003889
12 0.695185 0.813611 0.010370 0.003889
12 0.570278 0.813472 0.013148 0.003611
0 0.521759 0.813472 0.042407 0.003611
12 0.709630 0.813472 0.015185 0.004167
12 0.486667 0.805000 0.008889 0.003889
12 0.570278 0.804583 0.013148 0.003611
0 0.512685 0.804583 0.024259 0.003611
12 0.709630 0.804583 0.015185 0.004167
12 0.695185 0.804583 0.010370 0.004167
12 0.677315 0.795694 0.012037 0.003611
0 0.648333 0.795556 0.042593 0.003889
12 0.573241 0.795556 0.019074 0.003889
0 0.538148 0.795556 0.025185 0.003889
0 0.512222 0.795417 0.023333 0.003611
0 0.763611 0.795556 0.045370 0.004444
12 0.709167 0.795556 0.010185 0.004444
12 0.696389 0.795556 0.012778 0.004444
12 0.728519 0.795278 0.019630 0.004444
0 0.692778 0.786528 0.052593 0.004167
12 0.815370 0.777639 0.008519 0.004167
12 0.768426 0.777639 0.015000 0.004167
12 0.740648 0.777639 0.014630 0.004167
12 0.724167 0.777639 0.011296 0.004167
12 0.699074 0.777639 0.018148 0.004167
0 0.794167 0.777778 0.030556 0.005000
12 0.510463 0.773750 0.019815 0.003611
12 0.486944 0.773750 0.009444 0.003611
0 0.871759 0.769028 0.024630 0.004167
0 0.832870 0.769028 0.048333 0.004167
0 0.779630 0.769028 0.054074 0.004167
12 0.741481 0.769028 0.013333 0.004167
0 0.710648 0.769028 0.041667 0.004167
12 0.815370 0.760417 0.008519 0.004167
0 0.794167 0.760833 0.030556 0.005000
12 0.768426 0.760417 0.015000 0.004167
12 0.753796 0.760417 0.007963 0.004167
12 0.740741 0.760417 0.014815 0.004167
12 0.724074 0.760556 0.011111 0.004444
12 0.713426 0.760417 0.006852 0.004167
12 0.699074 0.760417 0.018148 0.004167
0 0.515648 0.756528 0.030185 0.003611
0 0.871759 0.751806 0.024630 0.004167
12 0.852778 0.751806 0.008519 0.004167
0 0.827500 0.751806 0.037593 0.004167
0 0.779630 0.751944 0.054074 0.004444
12 0.741574 0.751806 0.013519 0.004167
0 0.710648 0.751806 0.041667 0.004167
12 0.486481 0.743750 0.008519 0.003611
12 0.798148 0.743472 0.010000 0.004167
0 0.778519 0.743472 0.025185 0.004167
0 0.746852 0.743472 0.034815 0.004167
0 0.708704 0.743472 0.037778 0.004167
12 0.632037 0.743194 0.010000 0.003611
12 0.570648 0.743333 0.013889 0.003889
0 0.512500 0.743194 0.023889 0.003611
12 0.744630 0.734444 0.011111 0.004444
12 0.731296 0.734444 0.012963 0.004444
0 0.706019 0.734306 0.032037 0.004167
12 0.632037 0.729028 0.010000 0.003611
12 0.570648 0.729028 0.013889 0.003611
0 0.512500 0.729028 0.023889 0.003611
12 0.888241 0.725694 0.019074 0.004167
12 0.863148 0.725694 0.023333 0.004167
0 0.801111 0.725694 0.036296 0.004167
12 0.718889 0.725694 0.010370 0.004167
12 0.708704 0.725694 0.007778 0.004167
12 0.696296 0.725694 0.012963 0.004167
12 0.832315 0.725556 0.022778 0.004444
0 0.758519 0.725556 0.042593 0.004444
0 0.576852 0.715694 0.026667 0.003611
0 0.717593 0.714583 0.025556 0.004167
12 0.696389 0.714583 0.012778 0.004167
12 0.486944 0.712361 0.009444 0.003611
12 0.633426 0.712083 0.013148 0.003611
12 0.517963 0.712083 0.013333 0.003611
12 0.505093 0.712083 0.009074 0.003611
0 0.587963 0.708472 0.024815 0.003611
12 0.487037 0.700694 0.009630 0.003611
12 0.571019 0.700417 0.014630 0.003611
0 0.526111 0.700417 0.029259 0.003611
12 0.505093 0.700417 0.009074 0.003611
12 0.714444 0.700417 0.015926 0.004167
12 0.697315 0.700417 0.015000 0.004167
12 0.192130 0.714167 0.072037 0.037222
12 0.486574 0.691806 0.008704 0.003611
12 0.505093 0.691528 0.009074 0.003611
12 0.571111 0.691389 0.014815 0.003889
0 0.524630 0.691389 0.026296 0.003889
0 0.709907 0.691389 0.039815 0.004444
12 0.815370 0.682639 0.008519 0.004167
0 0.794167 0.682778 0.030556 0.005000
12 0.768426 0.682500 0.015000 0.004444
12 0.740741 0.682500 0.014815 0.004444
12 0.724167 0.682500 0.011296 0.004444
12 0.699074 0.682500 0.018148 0.004444
12 0.568796 0.674306 0.010185 0.003611
12 0.508611 0.674306 0.016481 0.003611
0 0.871759 0.674028 0.024630 0.004167
0 0.832870 0.674028 0.048333 0.004167
0 0.779630 0.673889 0.054074 0.004444
12 0.741481 0.673889 0.013333 0.004444
0 0.710648 0.673889 0.041667 0.004444
0 0.721667 0.665417 0.063704 0.004167
12 0.697685 0.656806 0.015370 0.004167
12 0.487685 0.652778 0.010926 0.003333
0 0.638704 0.652639 0.023704 0.003611
0 0.574444 0.652639 0.021481 0.003611
12 0.895000 0.648194 0.009630 0.004167
12 0.878796 0.648194 0.018704 0.004167
0 0.849444 0.648333 0.035185 0.004444
12 0.821389 0.648194 0.017593 0.004167
12 0.802130 0.648194 0.010926 0.004167
12 0.791204 0.648333 0.006852 0.004444
0 0.767037 0.648194 0.025926 0.004167
12 0.742315 0.648194 0.019815 0.004167
0 0.709444 0.648194 0.038889 0.004167
12 0.815370 0.639583 0.008519 0.004167
0 0.794167 0.640000 0.030556 0.005000
12 0.768426 0.639583 0.015000 0.004167
12 0.740741 0.639583 0.014815 0.004167
12 0.724074 0.639583 0.011111 0.004167
12 0.713426 0.639583 0.006852 0.004167
12 0.699074 0.639583 0.018148 0.004167
0 0.638704 0.631250 0.023704 0.003611
0 0.574352 0.631250 0.021667 0.003611
12 0.487685 0.631250 0.010926 0.003611
0 0.871759 0.630972 0.024630 0.004167
12 0.852778 0.630972 0.008519 0.004167
0 0.827500 0.630972 0.037593 0.004167
0 0.779630 0.630972 0.054074 0.004167
12 0.741481 0.630972 0.013333 0.004167
0 0.710648 0.630972 0.041667 0.004167
12 0.741389 0.622361 0.014259 0.004167
12 0.725741 0.622361 0.013704 0.004167
12 0.700926 0.622361 0.022222 0.004167
12 0.699630 0.613889 0.019630 0.003889
0 0.725000 0.613889 0.027407 0.004444
12 0.744815 0.613750 0.008889 0.004722
0 0.574444 0.610278 0.021481 0.003333
0 0.638796 0.610139 0.023889 0.003611
12 0.487593 0.610139 0.010741 0.003611
12 0.725185 0.605694 0.012963 0.004167
12 0.741019 0.605556 0.013519 0.004444
12 0.700926 0.605556 0.022222 0.004444
12 0.699722 0.597083 0.019815 0.004167
0 0.728704 0.596944 0.034815 0.004444
0 0.638704 0.593194 0.023704 0.003611
0 0.574352 0.593194 0.021667 0.003611
12 0.487685 0.593194 0.010926 0.003611
12 0.741389 0.588472 0.014259 0.004167
12 0.725648 0.588611 0.013519 0.004444
12 0.700926 0.588472 0.022222 0.004167
10 0.323426 0.705972 0.066111 0.252500
12 0.699630 0.580139 0.019630 0.004167
0 0.728981 0.579861 0.035370 0.004722
0 0.638796 0.575972 0.023889 0.003611
0 0.574352 0.575972 0.021667 0.003611
12 0.487685 0.575833 0.010926 0.003889
12 0.700926 0.571528 0.022222 0.004167
12 0.740926 0.571389 0.013333 0.004444
12 0.725648 0.571389 0.013889 0.004444
0 0.779352 0.563194 0.040926 0.004722
12 0.748611 0.562917 0.015000 0.004167
12 0.733981 0.562917 0.007963 0.004167
12 0.721019 0.563194 0.014630 0.004722
12 0.704259 0.562917 0.011111 0.004167
0 0.638704 0.554583 0.023704 0.003611
0 0.574444 0.554583 0.021481 0.003611
12 0.487500 0.554583 0.010556 0.003611
0 0.707407 0.554167 0.034815 0.003889
0 0.874722 0.554167 0.043889 0.004444
0 0.826296 0.554167 0.048519 0.004444
0 0.773056 0.554167 0.054259 0.004444
12 0.734815 0.554167 0.013333 0.004444
12 0.725463 0.545694 0.013519 0.004167
12 0.741019 0.545556 0.013519 0.004444
12 0.700926 0.545556 0.022222 0.004444
12 0.632870 0.537083 0.011667 0.003611
12 0.701574 0.537083 0.023148 0.004167
0 0.576111 0.536944 0.024815 0.003889
12 0.526852 0.536944 0.020370 0.003889
12 0.507778 0.536944 0.014444 0.003889
12 0.719630 0.528056 0.012963 0.004444
0 0.683241 0.528056 0.047222 0.004444
12 0.153519 0.306944 0.076667 0.047222
12 0.153611 0.247083 0.076852 0.058056
2 0.595185 0.189028 0.452963 0.174167
12 0.117500 0.106806 0.010556 0.019167
