12 0.637037 0.325556 0.004815 0.007222
12 0.783704 0.325000 0.004815 0.007222
12 0.564630 0.325000 0.004815 0.007222
12 0.490741 0.325000 0.004815 0.007222
12 0.272407 0.325000 0.004815 0.007222
12 0.200000 0.325000 0.004815 0.007222
12 0.710556 0.324444 0.004815 0.007222
12 0.418333 0.324444 0.004815 0.007222
12 0.345556 0.324444 0.004815 0.007222
12 0.637778 0.242222 0.004815 0.007222
12 0.783333 0.241944 0.004815 0.007222
12 0.710185 0.241944 0.004815 0.007222
12 0.564630 0.241944 0.004815 0.007222
12 0.491111 0.241944 0.004815 0.007222
12 0.345926 0.241944 0.004815 0.007222
12 0.273519 0.241944 0.004815 0.007222
12 0.200648 0.241944 0.005000 0.007222
12 0.419074 0.240278 0.004815 0.007222
12 0.757593 0.179167 0.004815 0.007222
12 0.693704 0.177222 0.004815 0.007222
12 0.830000 0.176111 0.004815 0.007222
12 0.739630 0.140000 0.004815 0.007222
12 0.772037 0.137500 0.004815 0.007222
12 0.816667 0.118889 0.004815 0.007222
12 0.675000 0.118333 0.004815 0.007222
12 0.110278 0.076667 0.007222 0.040000
