0 0.480556 0.260417 0.034815 0.003056
0 0.202778 0.260139 0.034815 0.003611
0 0.361852 0.259167 0.050000 0.005556
0 0.534352 0.258750 0.038333 0.006389
12 0.425000 0.258750 0.034815 0.006389
12 0.313889 0.258750 0.034815 0.006389
12 0.230093 0.258750 0.007963 0.006389
12 0.149352 0.258750 0.030556 0.006389
12 0.613611 0.246944 0.016481 0.023333
12 0.186481 0.238333 0.007407 0.006667
12 0.256667 0.246667 0.038148 0.030556
12 0.590000 0.244028 0.038148 0.035833
12 0.256944 0.229028 0.007593 0.009167
12 0.600463 0.226250 0.006852 0.008056
12 0.312593 0.223333 0.007037 0.007778
12 0.501759 0.223194 0.006481 0.008056
12 0.312593 0.208611 0.007037 0.008889
12 0.501759 0.208472 0.006481 0.009167
12 0.235370 0.212361 0.008889 0.023056
12 0.578981 0.201806 0.009074 0.008611
12 0.515926 0.211111 0.006296 0.032222
12 0.468981 0.211111 0.006111 0.032222
12 0.422130 0.211111 0.006111 0.032222
12 0.375185 0.211111 0.006296 0.032222
12 0.328333 0.211111 0.006296 0.032222
12 0.281481 0.211111 0.006296 0.032222
12 0.208333 0.211111 0.006296 0.032222
12 0.161481 0.211111 0.006296 0.032222
12 0.398148 0.210694 0.020741 0.033056
12 0.221204 0.198056 0.007593 0.008889
12 0.592037 0.189722 0.021111 0.006111
12 0.306759 0.185556 0.007963 0.013889
12 0.220278 0.184444 0.009074 0.012222
12 0.180370 0.199583 0.022222 0.042500
12 0.162685 0.178611 0.007593 0.008889
12 0.585278 0.178611 0.005000 0.013889
12 0.176019 0.173056 0.007593 0.008889
12 0.619074 0.163472 0.006296 0.006944
12 0.517407 0.163472 0.004444 0.006944
12 0.416667 0.163472 0.004444 0.006944
12 0.394444 0.166806 0.013333 0.013611
12 0.315926 0.163472 0.004444 0.006944
12 0.299907 0.171250 0.015741 0.022500
12 0.228241 0.163472 0.004259 0.006944
12 0.136481 0.163472 0.004815 0.006944
