12 0.666019 0.677222 0.006111 0.009444
12 0.712685 0.641667 0.006111 0.009444
12 0.588241 0.622917 0.006111 0.009167
12 0.579352 0.600278 0.006111 0.009444
12 0.597593 0.586944 0.006296 0.009444
12 0.805278 0.584167 0.010556 0.010000
12 0.711852 0.551806 0.006296 0.009167
12 0.632222 0.467917 0.006296 0.009167
12 0.781019 0.438750 0.006111 0.009167
12 0.589259 0.437917 0.007407 0.014722
12 0.625926 0.423611 0.006296 0.009444
12 0.583611 0.262083 0.006111 0.009167
12 0.120463 0.071528 0.007222 0.029722
