12 0.627222 0.634722 0.008889 0.014444
12 0.598704 0.634028 0.009630 0.021389
12 0.610648 0.622361 0.012407 0.005278
12 0.612685 0.610139 0.019815 0.013611
12 0.595370 0.597778 0.002963 0.021111
12 0.621204 0.590833 0.002407 0.013333
12 0.808981 0.584861 0.002407 0.015278
12 0.792963 0.561667 0.006296 0.009444
12 0.808889 0.560139 0.002222 0.014722
12 0.803241 0.554583 0.004259 0.010278
12 0.803241 0.541667 0.004259 0.009444
12 0.810370 0.520556 0.017037 0.016667
12 0.793148 0.514583 0.012593 0.005278
12 0.795370 0.506111 0.020000 0.005556
12 0.754074 0.343472 0.002222 0.014722
12 0.780926 0.332778 0.020370 0.005556
12 0.780926 0.324028 0.021481 0.005278
12 0.754074 0.318611 0.002222 0.015000
12 0.808796 0.333194 0.020556 0.056389
12 0.771574 0.300556 0.005370 0.005556
12 0.771759 0.288889 0.016481 0.006111
12 0.748611 0.273889 0.008704 0.014444
12 0.767130 0.262500 0.006481 0.010556
