12 0.614630 0.638889 0.004444 0.013889
12 0.705463 0.634306 0.005741 0.021389
12 0.663056 0.630139 0.003148 0.029722
12 0.594259 0.629583 0.005926 0.032500
12 0.577963 0.610000 0.004444 0.013333
12 0.712778 0.600833 0.004074 0.010556
12 0.705556 0.596944 0.005556 0.022778
12 0.662407 0.590417 0.004444 0.030278
12 0.698056 0.574028 0.015370 0.016389
12 0.674167 0.572639 0.014259 0.013611
10 0.649074 0.630833 0.121852 0.130000
12 0.580185 0.581111 0.024074 0.030556
12 0.705926 0.551528 0.003333 0.010833
12 0.648056 0.526806 0.009444 0.020833
12 0.664907 0.511667 0.006852 0.030000
12 0.580093 0.518194 0.034259 0.043611
12 0.703981 0.492639 0.002778 0.012500
12 0.745278 0.473611 0.003519 0.008333
12 0.689630 0.474028 0.054444 0.026389
12 0.555741 0.511944 0.021852 0.105556
12 0.635093 0.451667 0.002037 0.020000
12 0.703981 0.451806 0.002778 0.020833
12 0.592500 0.464444 0.009444 0.046667
12 0.722870 0.431667 0.014259 0.020556
12 0.698611 0.428889 0.016481 0.015000
12 0.674074 0.427083 0.014074 0.011389
12 0.617407 0.431667 0.097037 0.020556
12 0.559722 0.431667 0.014630 0.020556
12 0.635370 0.409167 0.005185 0.033889
12 0.643241 0.399444 0.005000 0.015556
10 0.710556 0.493889 0.089630 0.210000
12 0.662407 0.387500 0.005926 0.030000
12 0.649815 0.377361 0.014074 0.010833
12 0.601759 0.380833 0.015000 0.017778
12 0.698426 0.375833 0.013889 0.014444
12 0.710093 0.368611 0.005370 0.013333
12 0.673981 0.372361 0.016481 0.020833
12 0.576111 0.365556 0.015926 0.019444
12 0.722870 0.365278 0.016852 0.020000
12 0.629259 0.371250 0.021481 0.036944
12 0.663889 0.348056 0.002963 0.030000
12 0.693426 0.347778 0.003148 0.030556
12 0.595556 0.342778 0.002222 0.020556
12 0.647037 0.336250 0.008519 0.034722
12 0.635370 0.333333 0.005185 0.040000
12 0.663889 0.308611 0.002963 0.030000
12 0.595833 0.304861 0.002778 0.023611
12 0.704074 0.303333 0.024444 0.040556
12 0.635370 0.295278 0.005185 0.042778
12 0.647500 0.264583 0.027222 0.031389
12 0.687870 0.254167 0.038704 0.021111
12 0.609444 0.253889 0.021852 0.020556
12 0.585926 0.294722 0.025556 0.102222
12 0.663611 0.263611 0.005370 0.040556
