12 0.663056 0.815694 0.006111 0.007500
12 0.703056 0.815694 0.006111 0.009722
12 0.745000 0.701111 0.006296 0.009444
12 0.665000 0.700556 0.006296 0.009444
12 0.589259 0.700139 0.006296 0.009722
12 0.808148 0.699722 0.006296 0.009444
12 0.797407 0.357500 0.006296 0.009444
12 0.696389 0.357083 0.006481 0.009167
12 0.777778 0.356667 0.006296 0.009444
12 0.754722 0.355000 0.006481 0.009444
12 0.628611 0.354583 0.006111 0.009167
12 0.528056 0.242083 0.006111 0.009167
12 0.568704 0.240833 0.006296 0.009444
12 0.547593 0.240417 0.006296 0.009167
