12 0.586296 0.720139 0.010000 0.005833
12 0.807222 0.714722 0.014815 0.004444
0 0.768056 0.717083 0.073519 0.011944
12 0.541019 0.719028 0.080926 0.015833
12 0.488241 0.713333 0.015741 0.007222
12 0.591019 0.710833 0.009444 0.032222
12 0.579074 0.689306 0.015556 0.004167
12 0.746204 0.688472 0.015000 0.007500
12 0.724259 0.688472 0.011111 0.007500
12 0.530093 0.688472 0.010556 0.007500
12 0.511667 0.688472 0.012963 0.007500
12 0.794444 0.687639 0.011852 0.007500
12 0.771759 0.687639 0.017963 0.007500
12 0.590185 0.684444 0.007778 0.013889
12 0.559352 0.677778 0.015000 0.004444
12 0.574907 0.674167 0.013148 0.009444
12 0.785278 0.670972 0.010556 0.004167
12 0.733333 0.669861 0.011111 0.005833
12 0.560556 0.669583 0.007407 0.008056
12 0.797130 0.664167 0.008333 0.006667
12 0.580093 0.640417 0.007222 0.013611
12 0.792593 0.635139 0.015556 0.007500
12 0.775556 0.635139 0.010370 0.007500
12 0.525000 0.649722 0.010370 0.054444
12 0.575093 0.618472 0.007222 0.013056
12 0.792593 0.604028 0.015556 0.010833
12 0.748519 0.590694 0.010000 0.003611
12 0.531111 0.552500 0.022963 0.010556
12 0.498056 0.550000 0.035370 0.012778
12 0.553148 0.533750 0.012222 0.009722
12 0.547222 0.495417 0.010741 0.021389
12 0.522037 0.494167 0.016667 0.018889
12 0.495741 0.472639 0.010000 0.003611
12 0.804815 0.461111 0.029630 0.007778
10 0.761759 0.591389 0.115741 0.268333
12 0.515370 0.468194 0.010000 0.026389
12 0.757315 0.456111 0.012037 0.008889
12 0.764352 0.447917 0.012407 0.004722
12 0.804815 0.447361 0.010000 0.005833
12 0.785185 0.447361 0.010000 0.005833
12 0.766852 0.430000 0.017778 0.006667
12 0.503333 0.431667 0.015556 0.010000
12 0.533889 0.448056 0.040370 0.045000
12 0.486944 0.430000 0.013519 0.013333
12 0.742685 0.388889 0.012037 0.007222
12 0.565833 0.360972 0.008333 0.010278
12 0.720370 0.299444 0.007778 0.012778
12 0.807315 0.283750 0.015370 0.004167
12 0.555463 0.281111 0.007593 0.005556
12 0.506574 0.282500 0.017963 0.008333
12 0.568889 0.282222 0.015556 0.015000
12 0.798333 0.274861 0.008519 0.009722
12 0.585370 0.272500 0.008148 0.010556
12 0.531204 0.259028 0.022778 0.007500
12 0.566667 0.256806 0.039630 0.011944
12 0.745926 0.251806 0.015185 0.004722
12 0.500370 0.254861 0.040000 0.010833
12 0.589815 0.255278 0.007407 0.013333
12 0.566667 0.246250 0.010000 0.003611
12 0.780185 0.245972 0.010000 0.004167
12 0.547037 0.245972 0.010000 0.004167
10 0.521574 0.485278 0.095370 0.483333
2 0.765741 0.484167 0.118519 0.482778
