12 0.435185 0.829492 0.006296 0.009442
12 0.330926 0.829492 0.006296 0.009442
12 0.290370 0.829492 0.006296 0.009442
12 0.415000 0.828936 0.006296 0.009442
12 0.372407 0.828936 0.006296 0.009442
12 0.351481 0.828936 0.006296 0.009442
12 0.310370 0.828659 0.006296 0.009442
12 0.393333 0.827826 0.006296 0.009442
12 0.319259 0.822549 0.006296 0.009442
12 0.443333 0.821716 0.006296 0.009442
12 0.299815 0.821716 0.006296 0.009442
12 0.275556 0.825326 0.013704 0.016662
12 0.424630 0.821300 0.006296 0.009164
12 0.383519 0.821300 0.006296 0.009164
12 0.361574 0.821300 0.006111 0.009164
12 0.403519 0.820883 0.006296 0.009442
12 0.341296 0.820467 0.006296 0.009164
12 0.440185 0.528187 0.006296 0.009442
12 0.628056 0.514579 0.006111 0.009442
12 0.566481 0.514579 0.006296 0.009442
12 0.731296 0.514024 0.006296 0.009442
12 0.713333 0.514024 0.006296 0.009442
12 0.670000 0.514024 0.006296 0.009442
12 0.609630 0.514024 0.006296 0.009442
12 0.546389 0.514024 0.006111 0.009442
12 0.776296 0.513468 0.006296 0.009442
12 0.754444 0.513468 0.006296 0.009442
12 0.690185 0.513468 0.006296 0.009442
12 0.586111 0.513468 0.006296 0.009442
12 0.524537 0.513468 0.006111 0.009442
12 0.505000 0.512913 0.006296 0.009442
12 0.649630 0.512497 0.006296 0.009164
12 0.436481 0.512080 0.006296 0.009442
12 0.745741 0.504443 0.006296 0.009164
12 0.701667 0.504027 0.006296 0.009442
12 0.785370 0.503471 0.006296 0.009442
12 0.681481 0.503471 0.006296 0.009442
12 0.618704 0.503471 0.006296 0.009442
12 0.597130 0.503471 0.006111 0.009442
12 0.555741 0.502916 0.006296 0.009442
12 0.764444 0.502360 0.006296 0.009442
12 0.722778 0.502360 0.006296 0.009442
12 0.514074 0.502360 0.006296 0.009442
12 0.660370 0.501805 0.006296 0.009442
12 0.576667 0.501805 0.006296 0.009442
12 0.535000 0.501805 0.006296 0.009442
12 0.639815 0.501389 0.006296 0.009164
12 0.441481 0.495418 0.006296 0.009442
12 0.436111 0.481811 0.006296 0.009442
12 0.441852 0.464593 0.006296 0.009442
12 0.436852 0.450014 0.006296 0.009164
12 0.441481 0.432380 0.006296 0.009442
12 0.436111 0.417245 0.006296 0.009164
12 0.441481 0.401555 0.006296 0.009442
12 0.436481 0.384893 0.006296 0.009442
12 0.441481 0.371286 0.006296 0.009442
12 0.435741 0.354624 0.006296 0.009442
12 0.441204 0.338517 0.006111 0.009442
12 0.436111 0.323521 0.006296 0.009442
12 0.441204 0.309914 0.006111 0.009442
12 0.436852 0.292141 0.006296 0.009442
12 0.441204 0.276590 0.006111 0.009442
12 0.435185 0.261039 0.006296 0.009442
12 0.441481 0.246320 0.006296 0.009442
12 0.436481 0.230769 0.006296 0.009442
12 0.441852 0.215635 0.006296 0.009164
12 0.436852 0.198556 0.006296 0.009442
12 0.441481 0.183838 0.006296 0.009442
12 0.436111 0.167731 0.006296 0.009442
12 0.441204 0.152597 0.006111 0.009164
12 0.437222 0.134963 0.006296 0.009442
12 0.101389 0.071508 0.007222 0.029714
