12 0.693889 0.638850 0.006296 0.009164
12 0.423333 0.635796 0.006296 0.009164
12 0.432778 0.633296 0.006296 0.009164
12 0.336111 0.623854 0.006296 0.009164
12 0.452037 0.621633 0.009630 0.009720
12 0.311389 0.620661 0.006111 0.009442
12 0.433241 0.563871 0.009444 0.010275
12 0.562407 0.524299 0.006296 0.009442
12 0.569074 0.509858 0.006296 0.009442
12 0.155741 0.355735 0.011481 0.010553
12 0.185093 0.263399 0.007593 0.016384
12 0.388611 0.172174 0.006111 0.009442
12 0.120463 0.071508 0.007222 0.029714
