12 0.335185 0.740072 0.005556 0.008331
12 0.396296 0.737851 0.005556 0.008331
12 0.458704 0.704804 0.005556 0.008331
12 0.398519 0.676201 0.005556 0.008331
12 0.337315 0.675646 0.005370 0.008331
12 0.391667 0.595807 0.005556 0.008053
12 0.455370 0.592891 0.005556 0.008331
12 0.340370 0.592891 0.005556 0.008331
12 0.447870 0.447376 0.005370 0.008331
12 0.395370 0.377673 0.005556 0.008331
12 0.439537 0.373646 0.005741 0.008609
12 0.445000 0.299361 0.005556 0.008331
12 0.391481 0.298667 0.005556 0.008609
12 0.447037 0.233546 0.005556 0.008331
12 0.388704 0.108859 0.005556 0.008331
12 0.447407 0.107470 0.005556 0.008331
12 0.137315 0.076645 0.007222 0.039989
