12 0.450648 0.738406 0.006111 0.009442
12 0.399630 0.738406 0.006296 0.009442
12 0.336759 0.737573 0.006111 0.009442
12 0.451389 0.707165 0.006111 0.009164
12 0.335185 0.674396 0.006296 0.009164
12 0.449815 0.669953 0.006296 0.009164
12 0.451019 0.641488 0.006111 0.009442
12 0.451574 0.608442 0.006111 0.009442
12 0.551944 0.608026 0.006111 0.009164
12 0.642593 0.603027 0.006296 0.009164
12 0.741574 0.602472 0.006111 0.009164
12 0.791204 0.601361 0.006111 0.009164
12 0.693981 0.601361 0.006111 0.009164
12 0.599537 0.600111 0.006111 0.009442
12 0.375278 0.597473 0.006111 0.009164
12 0.330833 0.594141 0.006111 0.009164
12 0.503611 0.586087 0.006111 0.009164
12 0.451944 0.574007 0.006111 0.009442
12 0.552593 0.552485 0.006296 0.009164
12 0.460093 0.515968 0.006111 0.009442
12 0.415741 0.515690 0.006296 0.009442
12 0.504907 0.514163 0.006111 0.009164
12 0.598611 0.499028 0.006111 0.009442
12 0.693796 0.498056 0.006111 0.009164
12 0.742407 0.497223 0.006296 0.009164
12 0.790370 0.496945 0.006296 0.009164
12 0.644444 0.496390 0.006296 0.009164
12 0.562870 0.482644 0.006111 0.009442
12 0.460093 0.410580 0.006111 0.009164
12 0.460556 0.337545 0.006296 0.009164
12 0.126204 0.325187 0.006111 0.009442
12 0.162407 0.324910 0.006296 0.009442
12 0.459167 0.263816 0.006111 0.009442
12 0.411481 0.254929 0.006296 0.009442
12 0.430926 0.253680 0.006296 0.009164
12 0.388519 0.253402 0.006296 0.009164
12 0.161481 0.242849 0.006296 0.009164
12 0.074167 0.241738 0.006111 0.009164
12 0.118981 0.238684 0.006111 0.009164
12 0.390093 0.196612 0.006111 0.009442
12 0.434444 0.196196 0.006296 0.009164
12 0.410741 0.195085 0.006296 0.009164
12 0.459537 0.190919 0.006111 0.009164
12 0.158704 0.167453 0.006296 0.009442
12 0.076389 0.167037 0.006111 0.009164
12 0.116667 0.166343 0.006296 0.009442
12 0.459167 0.118856 0.006111 0.009442
12 0.133333 0.096501 0.011852 0.019161
