12 0.431852 0.642599 0.006296 0.009442
12 0.699444 0.639545 0.006296 0.009442
12 0.406481 0.585115 0.006296 0.009442
12 0.533519 0.520966 0.006296 0.009442
12 0.474074 0.475146 0.006296 0.009442
12 0.580648 0.459872 0.006111 0.009442
12 0.440370 0.396279 0.006296 0.009442
12 0.424259 0.290753 0.006296 0.009442
12 0.384259 0.175785 0.006296 0.009442
12 0.443704 0.174118 0.006296 0.009442
12 0.424259 0.161622 0.006296 0.009442
12 0.471296 0.066370 0.006296 0.009442
12 0.098611 0.076645 0.007222 0.039989
