12 0.146852 0.989306 0.025926 0.006389
0 0.095185 0.989306 0.038889 0.006389
12 0.038519 0.989028 0.018148 0.005833
12 0.021296 0.988750 0.012222 0.005278
12 0.901204 0.866528 0.015000 0.005278
12 0.898611 0.836667 0.009815 0.005000
12 0.941574 0.836528 0.012407 0.005278
12 0.898889 0.808056 0.010000 0.005000
12 0.957315 0.705278 0.009444 0.005000
12 0.931481 0.705139 0.023704 0.005278
12 0.906389 0.705139 0.005741 0.005278
0 0.946019 0.126389 0.062407 0.008333
12 0.902870 0.126250 0.017963 0.008056
12 0.920741 0.092361 0.011852 0.004167
12 0.106296 0.096528 0.007037 0.019167
12 0.951389 0.074028 0.005741 0.016944
12 0.940000 0.074028 0.007778 0.016944
12 0.917685 0.073889 0.006852 0.017222
