0 0.734861 0.438056 0.069167 0.005370
0 0.659306 0.438056 0.069167 0.005370
0 0.583819 0.438148 0.069028 0.005556
0 0.508333 0.438148 0.069167 0.005556
0 0.432847 0.438056 0.069306 0.005370
0 0.357083 0.438056 0.069167 0.005370
0 0.281597 0.438148 0.069028 0.005556
0 0.206181 0.438056 0.069306 0.005370
0 0.130486 0.438056 0.068750 0.005370
12 0.102014 0.262593 0.025694 0.041481
12 0.758403 0.259815 0.022639 0.079630
12 0.508194 0.238148 0.030000 0.111481
12 0.779097 0.183796 0.004861 0.014259
12 0.348472 0.155093 0.005556 0.042037
12 0.525417 0.154907 0.005556 0.042037
0 0.078333 0.256111 0.023056 0.369259
0 0.787222 0.255000 0.022778 0.371481
0 0.659375 0.072037 0.069028 0.005556
0 0.432847 0.071944 0.069306 0.005370
0 0.357292 0.071944 0.069306 0.005370
0 0.734861 0.071852 0.069167 0.005556
0 0.583819 0.071852 0.069028 0.005556
0 0.508264 0.071852 0.069028 0.005556
0 0.281736 0.071852 0.069028 0.005556
0 0.206181 0.071852 0.069028 0.005556
12 0.130694 0.065185 0.069167 0.018889
