12 0.458431 0.829091 0.016471 0.025455
12 0.254706 0.808182 0.047451 0.027273
12 0.154118 0.807273 0.016471 0.025455
12 0.195294 0.806667 0.052549 0.027879
12 0.131765 0.804242 0.016471 0.025455
12 0.561176 0.814242 0.017255 0.051515
12 0.194902 0.757576 0.016471 0.025455
12 0.173922 0.756970 0.016078 0.025455
12 0.215686 0.755758 0.016471 0.025455
12 0.143529 0.756061 0.034510 0.026061
12 0.255686 0.756364 0.049412 0.027879
12 0.561961 0.740000 0.018039 0.082424
12 0.487843 0.783333 0.018039 0.169091
12 0.529804 0.782424 0.020392 0.168485
12 0.458824 0.754242 0.018824 0.112121
12 0.205686 0.709697 0.035686 0.026667
12 0.174510 0.708788 0.016471 0.024848
12 0.264706 0.708788 0.029020 0.026061
12 0.237255 0.707576 0.016471 0.024848
12 0.152549 0.707273 0.016471 0.025455
12 0.132157 0.707273 0.016471 0.025455
12 0.130784 0.660000 0.016078 0.025455
12 0.532745 0.658788 0.018431 0.025455
12 0.237255 0.657879 0.016471 0.024848
12 0.206275 0.658485 0.034510 0.028485
12 0.176078 0.656364 0.016471 0.025455
12 0.150588 0.656364 0.016471 0.025455
12 0.263333 0.656970 0.020784 0.029091
12 0.488627 0.656061 0.018039 0.028485
12 0.170784 0.173333 0.009804 0.120000
