12 0.419861 0.405926 0.009722 0.002593
12 0.369583 0.405926 0.009722 0.002593
12 0.763681 0.414074 0.005972 0.028148
12 0.748611 0.414074 0.007222 0.028148
12 0.725903 0.414074 0.005972 0.028148
12 0.710347 0.414074 0.005972 0.028148
12 0.660556 0.417407 0.008056 0.034815
12 0.636389 0.414074 0.006111 0.028148
12 0.612639 0.414074 0.006111 0.028148
12 0.600903 0.417315 0.013750 0.034630
12 0.574931 0.414074 0.005972 0.028148
12 0.559306 0.414074 0.006111 0.028148
12 0.534653 0.417222 0.007917 0.034444
12 0.509306 0.417315 0.013056 0.034630
12 0.484028 0.417222 0.008056 0.034444
12 0.459931 0.414074 0.005972 0.028148
12 0.430833 0.417222 0.013889 0.034444
12 0.409514 0.414074 0.006250 0.028148
12 0.383472 0.414074 0.008056 0.028148
12 0.353542 0.417222 0.017639 0.034444
12 0.333194 0.417222 0.008056 0.034444
12 0.309097 0.414074 0.005972 0.028148
12 0.282917 0.417222 0.008056 0.034444
12 0.232639 0.417222 0.008056 0.034444
12 0.207431 0.417315 0.007917 0.034630
12 0.182292 0.417222 0.007917 0.034444
12 0.152292 0.417315 0.017639 0.034630
12 0.132014 0.414074 0.008194 0.028148
12 0.106806 0.417407 0.008056 0.034815
12 0.079514 0.417315 0.015972 0.034630
0 0.490486 0.413611 0.606528 0.042407
12 0.168333 0.413426 0.009722 0.042037
0 0.142500 0.393148 0.013611 0.001481
12 0.118056 0.413519 0.009722 0.042222
12 0.092986 0.396389 0.012917 0.007963
12 0.784236 0.383519 0.005417 0.007037
12 0.742569 0.383519 0.005417 0.007037
12 0.581111 0.383519 0.005278 0.007037
12 0.549861 0.383519 0.005278 0.007037
12 0.457083 0.383519 0.013889 0.007037
12 0.336319 0.383519 0.005417 0.007037
12 0.320625 0.383519 0.005417 0.007037
12 0.211319 0.383519 0.005417 0.007037
12 0.079444 0.383519 0.008611 0.007037
12 0.768403 0.374722 0.026528 0.005000
12 0.716597 0.374722 0.026528 0.005000
0 0.570903 0.374722 0.037083 0.005000
12 0.174722 0.376204 0.026389 0.007963
12 0.133125 0.374722 0.015972 0.005000
12 0.093958 0.374722 0.021250 0.005000
12 0.406250 0.360741 0.009722 0.002222
12 0.266250 0.360741 0.009722 0.002222
12 0.742708 0.360741 0.026528 0.004815
12 0.151250 0.360741 0.021389 0.004815
12 0.114792 0.360741 0.021250 0.004815
12 0.768403 0.346852 0.026528 0.004815
12 0.716597 0.346852 0.026528 0.004815
0 0.570903 0.346852 0.037083 0.004815
12 0.172153 0.346852 0.021250 0.004815
12 0.133125 0.346852 0.015972 0.004815
12 0.093958 0.346852 0.021250 0.004815
12 0.739792 0.341852 0.013194 0.007037
12 0.151319 0.341852 0.013194 0.007037
12 0.114931 0.341852 0.013194 0.007037
12 0.684583 0.350185 0.011389 0.028148
12 0.659028 0.350185 0.011667 0.028148
12 0.632917 0.350185 0.013611 0.028148
12 0.417569 0.350185 0.013194 0.028148
12 0.368056 0.350185 0.011667 0.028148
12 0.253472 0.350185 0.011111 0.028148
12 0.228264 0.350185 0.011250 0.028148
12 0.210556 0.336019 0.006944 0.008704
12 0.202639 0.347963 0.011667 0.032593
12 0.742708 0.332963 0.026528 0.004815
12 0.151250 0.332963 0.021389 0.004815
12 0.114792 0.332963 0.021250 0.004815
12 0.514931 0.347130 0.029306 0.035000
12 0.479514 0.347130 0.006528 0.035000
12 0.607500 0.346852 0.014167 0.034815
12 0.394722 0.346852 0.013611 0.034815
12 0.340417 0.346852 0.016111 0.034815
12 0.277569 0.346852 0.013194 0.034815
12 0.494792 0.346481 0.007083 0.036296
12 0.492569 0.325463 0.005417 0.005370
10 0.647014 0.346944 0.102639 0.055000
12 0.543056 0.346944 0.008611 0.055000
12 0.471111 0.346944 0.010833 0.055000
10 0.392986 0.346944 0.126250 0.055000
10 0.254028 0.346944 0.128333 0.055000
12 0.768403 0.319259 0.026528 0.004815
12 0.716597 0.319259 0.026528 0.004815
0 0.570903 0.319259 0.037083 0.004815
12 0.172153 0.319259 0.021250 0.004815
12 0.093958 0.319259 0.021250 0.004815
12 0.668056 0.314074 0.008611 0.007037
12 0.527431 0.314074 0.008472 0.007037
12 0.438819 0.314074 0.008750 0.007037
12 0.133125 0.316111 0.015972 0.011111
12 0.511806 0.311574 0.008611 0.012037
12 0.706111 0.307130 0.005278 0.007222
12 0.609722 0.310556 0.010556 0.014074
12 0.549861 0.307130 0.005278 0.007222
12 0.461319 0.307130 0.005417 0.007222
12 0.388819 0.310556 0.016528 0.014074
12 0.320694 0.307130 0.005278 0.007222
12 0.263403 0.310556 0.015694 0.014074
12 0.235486 0.307130 0.012917 0.007222
12 0.185278 0.307130 0.005278 0.007222
12 0.789444 0.305093 0.005278 0.011296
12 0.079444 0.305093 0.008611 0.011296
0 0.508264 0.295926 0.029583 0.001852
12 0.422222 0.296296 0.003056 0.006296
12 0.134236 0.294815 0.003472 0.008889
12 0.105139 0.294815 0.005278 0.008889
12 0.736250 0.295463 0.016111 0.010556
0 0.761042 0.290370 0.017639 0.001481
12 0.440972 0.284167 0.007222 0.004630
12 0.425278 0.284167 0.007222 0.004630
12 0.735208 0.284352 0.013472 0.007222
12 0.777431 0.281667 0.008472 0.006296
12 0.130625 0.280741 0.007639 0.014074
12 0.763403 0.276852 0.011528 0.012222
12 0.135486 0.274259 0.005972 0.009259
12 0.736181 0.271759 0.015972 0.004630
12 0.773819 0.272407 0.005417 0.007037
0 0.115417 0.283981 0.001111 0.030556
12 0.105139 0.278611 0.015833 0.020185
12 0.432847 0.272222 0.023472 0.014815
12 0.080347 0.263981 0.018194 0.012407
12 0.735139 0.260833 0.018056 0.007963
12 0.440972 0.256389 0.007222 0.004630
12 0.425278 0.256389 0.007222 0.004630
12 0.080278 0.253148 0.006944 0.005556
12 0.134167 0.252130 0.007222 0.004630
12 0.118611 0.252130 0.007222 0.004630
12 0.102917 0.252130 0.007222 0.004630
12 0.736181 0.250833 0.015972 0.004630
12 0.766528 0.249167 0.011667 0.007963
12 0.077569 0.242685 0.008750 0.011667
12 0.121875 0.240556 0.013472 0.008148
12 0.134167 0.231296 0.007222 0.004444
12 0.118611 0.231296 0.007222 0.004444
12 0.102917 0.231296 0.007222 0.004444
12 0.736181 0.230093 0.015972 0.004630
12 0.774722 0.230741 0.013889 0.007037
0 0.736181 0.219815 0.020139 0.001481
12 0.091458 0.201852 0.005417 0.007037
12 0.772708 0.201759 0.005417 0.007222
12 0.766875 0.206111 0.029583 0.028889
12 0.120000 0.217037 0.072778 0.050741
12 0.146597 0.187963 0.012917 0.007037
12 0.750833 0.198333 0.024167 0.028148
12 0.738889 0.198333 0.006389 0.028148
12 0.140486 0.198333 0.005694 0.028148
12 0.122083 0.198333 0.016944 0.028148
12 0.109236 0.198333 0.005694 0.028148
0 0.126111 0.176759 0.060556 0.001667
0 0.748056 0.176667 0.043889 0.001852
12 0.330625 0.170556 0.013750 0.011481
12 0.585625 0.168241 0.004028 0.007222
12 0.497778 0.168241 0.005278 0.007222
12 0.765833 0.167870 0.031667 0.007963
12 0.711181 0.166296 0.026528 0.004815
12 0.659306 0.166296 0.026389 0.004815
12 0.607292 0.166296 0.026528 0.004815
0 0.552569 0.166296 0.031806 0.004815
12 0.471806 0.166296 0.026389 0.004815
12 0.419722 0.166296 0.026389 0.004815
12 0.367569 0.166296 0.026528 0.004815
12 0.305000 0.166296 0.026389 0.004815
12 0.252917 0.167870 0.026389 0.007963
12 0.148611 0.166296 0.026667 0.004815
12 0.096736 0.166296 0.026528 0.004815
0 0.203125 0.166204 0.032083 0.005000
12 0.513750 0.159722 0.010000 0.013148
12 0.737431 0.152222 0.026528 0.004815
12 0.685208 0.152222 0.026528 0.004815
12 0.633264 0.152222 0.026528 0.004815
12 0.581250 0.152222 0.026389 0.004815
12 0.445764 0.152222 0.026528 0.004815
12 0.393681 0.152222 0.026528 0.004815
12 0.278958 0.152222 0.026528 0.004815
12 0.174653 0.152222 0.026528 0.004815
12 0.122847 0.152222 0.026528 0.004815
0 0.765833 0.138333 0.031667 0.004815
12 0.711181 0.138426 0.026528 0.005000
12 0.659306 0.138426 0.026389 0.005000
12 0.607292 0.138426 0.026528 0.005000
0 0.552569 0.138426 0.031806 0.005000
12 0.471806 0.138426 0.026389 0.005000
12 0.419722 0.138426 0.026389 0.005000
12 0.367569 0.138426 0.026528 0.005000
12 0.305000 0.138426 0.026389 0.005000
12 0.252917 0.138426 0.026389 0.005000
0 0.203125 0.138426 0.032083 0.005000
12 0.148611 0.138426 0.026667 0.005000
12 0.096736 0.138426 0.026528 0.005000
12 0.330764 0.154630 0.021250 0.042963
12 0.234861 0.154537 0.006667 0.043148
12 0.784236 0.126574 0.005417 0.007222
12 0.659236 0.126574 0.005417 0.007222
12 0.586319 0.126574 0.005417 0.007222
12 0.492569 0.126574 0.005417 0.007222
12 0.430972 0.126574 0.013889 0.007222
12 0.372778 0.126574 0.005278 0.007222
12 0.346736 0.126574 0.005417 0.007222
12 0.268611 0.126574 0.005278 0.007222
12 0.258194 0.126574 0.005278 0.007222
12 0.191528 0.126574 0.013611 0.007222
12 0.138403 0.126574 0.005417 0.007222
12 0.079444 0.126574 0.008611 0.007222
12 0.508403 0.123889 0.012083 0.012593
12 0.432569 0.104074 0.009583 0.002222
12 0.218681 0.104074 0.009583 0.002222
12 0.461528 0.096111 0.005556 0.028148
12 0.445972 0.096111 0.005833 0.028148
12 0.423750 0.096111 0.005833 0.028148
12 0.408056 0.096111 0.005833 0.028148
12 0.785486 0.096019 0.005972 0.028333
12 0.736944 0.096019 0.006111 0.028333
12 0.513611 0.096019 0.005833 0.028333
12 0.497917 0.096019 0.005833 0.028333
12 0.481319 0.098519 0.007917 0.033333
12 0.384167 0.096019 0.006389 0.028333
12 0.307986 0.096019 0.007917 0.028333
12 0.282847 0.096019 0.007917 0.028333
12 0.257708 0.096019 0.007917 0.028333
12 0.107847 0.096019 0.005972 0.028333
12 0.080764 0.098704 0.014306 0.037778
12 0.743264 0.096667 0.043750 0.042222
12 0.711806 0.092778 0.006111 0.034444
12 0.686667 0.092778 0.006111 0.034444
12 0.646528 0.096667 0.009722 0.042222
12 0.636319 0.092870 0.005972 0.034630
0 0.621389 0.096574 0.001111 0.042037
12 0.609861 0.092870 0.003333 0.034630
12 0.535694 0.092870 0.005833 0.034630
0 0.498819 0.084259 0.001250 0.017407
12 0.454097 0.096667 0.042361 0.042222
12 0.358264 0.092870 0.007917 0.034630
12 0.369514 0.096667 0.051250 0.042222
12 0.335486 0.092870 0.012917 0.034630
12 0.232569 0.092870 0.007917 0.034630
12 0.209861 0.092870 0.013056 0.034630
0 0.193472 0.096574 0.001111 0.042037
12 0.182292 0.092870 0.007917 0.034630
12 0.131944 0.092870 0.008056 0.034630
12 0.782639 0.096481 0.021944 0.042593
12 0.686389 0.096481 0.030556 0.042593
12 0.661458 0.092593 0.005972 0.034815
12 0.585972 0.092685 0.005833 0.035000
12 0.561111 0.096481 0.080000 0.042593
12 0.294097 0.096481 0.059861 0.042593
12 0.231597 0.096481 0.025417 0.042593
12 0.132778 0.096481 0.080833 0.042593
12 0.157153 0.092593 0.007917 0.035185
