12 0.919630 0.955417 0.009259 0.020833
12 0.976204 0.955556 0.018333 0.021667
12 0.951296 0.955556 0.018148 0.021667
12 0.935648 0.955278 0.006111 0.021111
12 0.603704 0.708611 0.004815 0.007778
12 0.339815 0.707917 0.006296 0.006944
12 0.480556 0.707778 0.006296 0.007778
12 0.622222 0.707500 0.005185 0.010000
12 0.410833 0.262917 0.004630 0.006944
12 0.318611 0.262222 0.005741 0.005556
12 0.207685 0.263056 0.005370 0.007222
12 0.300185 0.261111 0.004074 0.008889
0 0.139444 0.325694 0.007037 0.139722
12 0.139444 0.205972 0.007037 0.019167
