12 0.919630 0.955417 0.009259 0.020833
12 0.976204 0.955556 0.018333 0.021667
12 0.951389 0.955556 0.018333 0.021667
12 0.936296 0.955278 0.008519 0.021111
10 0.524537 0.871389 0.264259 0.061111
12 0.431944 0.797500 0.008333 0.006667
12 0.495370 0.688472 0.014815 0.022500
12 0.607500 0.678472 0.015000 0.029167
2 0.183519 0.745417 0.195556 0.306944
12 0.248981 0.522361 0.007222 0.019167
12 0.248981 0.462778 0.007222 0.019444
12 0.248981 0.393472 0.007222 0.078611
12 0.248981 0.304306 0.007222 0.019167
12 0.248981 0.234861 0.007222 0.078611
2 0.522685 0.306806 0.260556 0.253056
0 0.521944 0.133750 0.222407 0.029167
12 0.248981 0.135694 0.007222 0.078611
