12 0.337197 0.644896 0.013788 0.031458
12 0.609545 0.644062 0.013636 0.031458
12 0.814318 0.644375 0.013182 0.032500
12 0.687652 0.643750 0.014697 0.031250
12 0.542500 0.644375 0.013788 0.032500
12 0.309242 0.644375 0.013636 0.032500
12 0.278333 0.643958 0.013939 0.031667
12 0.745985 0.643958 0.013182 0.033333
0 0.719167 0.628333 0.013788 0.002083
12 0.609545 0.588333 0.013636 0.031250
12 0.582045 0.588333 0.012879 0.031250
12 0.104697 0.588333 0.012727 0.031250
12 0.813636 0.587187 0.013636 0.031042
12 0.786970 0.586875 0.013636 0.030417
12 0.310152 0.587396 0.014545 0.031458
12 0.200530 0.587812 0.013788 0.032292
0 0.239545 0.176146 0.001515 0.031042
0 0.225227 0.176146 0.001970 0.031042
12 0.688485 0.175208 0.013939 0.031667
12 0.378561 0.175104 0.013485 0.031458
12 0.336742 0.175521 0.012879 0.032292
12 0.278182 0.175521 0.013636 0.032292
12 0.200909 0.175417 0.013636 0.032083
12 0.173182 0.175625 0.013939 0.032500
12 0.132273 0.175208 0.013636 0.031667
12 0.105152 0.175521 0.013636 0.032292
12 0.718485 0.174479 0.013333 0.031875
12 0.232045 0.121458 0.013788 0.031667
12 0.814545 0.118750 0.013636 0.031250
12 0.786970 0.118750 0.013636 0.031250
12 0.687576 0.118646 0.013636 0.031042
12 0.583333 0.118646 0.013939 0.031042
12 0.200530 0.118333 0.014394 0.030417
12 0.746061 0.118542 0.014242 0.031667
12 0.718485 0.118542 0.013333 0.031667
12 0.610000 0.119063 0.013636 0.032708
0 0.542121 0.103438 0.013030 0.001458
12 0.405303 0.118542 0.013333 0.031667
0 0.310076 0.103438 0.012879 0.001458
12 0.278106 0.119063 0.014394 0.032708
12 0.132727 0.118542 0.013636 0.031667
12 0.105985 0.118125 0.013788 0.030833
