12 0.795379 0.479271 0.003788 0.005208
12 0.731439 0.479271 0.003788 0.005208
12 0.703030 0.483854 0.003636 0.014375
12 0.683182 0.483854 0.003636 0.014375
12 0.670833 0.479271 0.003788 0.005208
12 0.590833 0.479271 0.003788 0.005208
12 0.386288 0.479271 0.003788 0.005208
12 0.322348 0.479271 0.003788 0.005208
12 0.402576 0.457917 0.035152 0.038750
12 0.384848 0.423542 0.007879 0.031250
12 0.404394 0.397188 0.030909 0.037708
12 0.702727 0.372083 0.003030 0.013750
12 0.683182 0.372083 0.003636 0.013750
0 0.245682 0.365000 0.018333 0.001250
0 0.181742 0.365000 0.026818 0.001250
