0 0.280682 0.629167 0.015909 0.001667
12 0.698939 0.631771 0.021212 0.012292
12 0.297955 0.632188 0.004697 0.013125
12 0.179848 0.620729 0.003030 0.006875
12 0.317879 0.619479 0.006364 0.008958
12 0.726894 0.619375 0.006515 0.009167
12 0.183636 0.611875 0.043636 0.011250
12 0.183030 0.598021 0.006061 0.005625
12 0.172500 0.598021 0.011667 0.005625
12 0.155985 0.598021 0.009545 0.005625
12 0.142197 0.598021 0.008333 0.005625
12 0.188712 0.589063 0.018636 0.005625
12 0.173182 0.589167 0.009091 0.005833
12 0.156212 0.589167 0.016667 0.005833
12 0.151212 0.580104 0.026970 0.006042
0 0.211515 0.595000 0.003030 0.044167
0 0.852727 0.593437 0.003030 0.060208
0 0.165909 0.554896 0.094242 0.013125
12 0.810379 0.545104 0.002879 0.008542
12 0.811818 0.529583 0.026061 0.006667
0 0.861591 0.548854 0.004697 0.149792
12 0.727045 0.463021 0.003182 0.016042
12 0.658864 0.463021 0.003182 0.016042
12 0.590833 0.463021 0.003182 0.016042
12 0.522652 0.463021 0.003182 0.016042
12 0.454470 0.463021 0.003182 0.016042
12 0.386288 0.463021 0.003182 0.016042
12 0.318106 0.463021 0.003182 0.016042
12 0.249924 0.463021 0.003182 0.016042
12 0.201439 0.427917 0.003485 0.010833
12 0.625000 0.420417 0.010303 0.006667
12 0.352273 0.420417 0.010303 0.006667
12 0.215909 0.422604 0.010303 0.011042
12 0.398561 0.427917 0.035303 0.049583
12 0.727045 0.392708 0.003182 0.015833
12 0.658864 0.392708 0.003182 0.015833
12 0.590833 0.392708 0.003182 0.015833
12 0.522652 0.392708 0.003182 0.015833
12 0.454470 0.392708 0.003182 0.015833
12 0.386288 0.392708 0.003182 0.015833
12 0.318106 0.392708 0.003182 0.015833
12 0.249924 0.392708 0.003182 0.015833
12 0.828561 0.365417 0.005303 0.004167
12 0.761061 0.365417 0.006364 0.004167
12 0.692879 0.365417 0.006364 0.004167
12 0.624773 0.365417 0.006212 0.004167
12 0.556667 0.365417 0.006364 0.004167
12 0.488485 0.365417 0.006364 0.004167
12 0.420303 0.365417 0.006364 0.004167
12 0.352121 0.365417 0.006364 0.004167
12 0.283939 0.365417 0.006364 0.004167
12 0.217879 0.365417 0.006364 0.004167
12 0.146136 0.365417 0.006212 0.004167
12 0.727273 0.365208 0.004242 0.005417
12 0.659091 0.365208 0.004242 0.005417
12 0.201439 0.344479 0.003485 0.009792
12 0.810379 0.310729 0.002879 0.008542
10 0.138182 0.420729 0.149697 0.252708
12 0.181061 0.280938 0.006061 0.005625
12 0.170379 0.280938 0.011667 0.005625
12 0.153939 0.280938 0.009394 0.005625
12 0.140076 0.280938 0.008333 0.005625
12 0.186667 0.272188 0.018788 0.005625
12 0.171212 0.272292 0.009091 0.005833
12 0.154167 0.272292 0.016818 0.005833
12 0.149091 0.263229 0.026970 0.006042
0 0.851742 0.265313 0.001061 0.019792
0 0.851742 0.242396 0.001061 0.019792
12 0.672348 0.228958 0.015303 0.002500
0 0.595152 0.234167 0.134545 0.013333
10 0.832424 0.302083 0.062424 0.149583
12 0.263106 0.228333 0.015606 0.003750
0 0.281515 0.226771 0.013636 0.001458
0 0.458030 0.230729 0.135152 0.011875
10 0.185152 0.253854 0.136364 0.058125
12 0.342652 0.227813 0.094091 0.026042
12 0.743864 0.227500 0.110152 0.026667
