12 0.162955 0.587812 0.009242 0.044375
12 0.572045 0.557813 0.009242 0.022292
12 0.435682 0.557813 0.009242 0.022292
12 0.640227 0.556562 0.009242 0.022292
12 0.503864 0.567708 0.009242 0.084583
0 0.299318 0.557396 0.009242 0.105208
0 0.844773 0.556979 0.009242 0.105208
0 0.776591 0.556667 0.009242 0.104583
0 0.708409 0.557187 0.009242 0.105625
0 0.367197 0.557187 0.008636 0.105625
0 0.231136 0.557187 0.009242 0.105625
12 0.162652 0.322500 0.008636 0.057083
12 0.844545 0.322083 0.008788 0.058750
12 0.776667 0.321875 0.009091 0.058333
12 0.640227 0.321875 0.009242 0.058333
12 0.572121 0.322083 0.009091 0.058750
12 0.708182 0.298750 0.008788 0.023750
12 0.435758 0.298750 0.009091 0.023750
12 0.844773 0.262188 0.009242 0.032292
12 0.503864 0.288229 0.009242 0.084375
0 0.367197 0.298542 0.008636 0.105000
0 0.299318 0.298750 0.009242 0.105417
0 0.230833 0.298542 0.008636 0.105000
