0 0.488561 0.622917 0.385909 0.015833
12 0.183636 0.611875 0.043636 0.011250
12 0.183030 0.598021 0.006061 0.005625
12 0.172500 0.598021 0.011667 0.005625
12 0.155985 0.598021 0.009545 0.005625
12 0.142197 0.598021 0.008333 0.005625
12 0.188712 0.589063 0.018636 0.005625
12 0.173182 0.589167 0.009091 0.005833
12 0.156212 0.589167 0.016667 0.005833
12 0.151212 0.580104 0.026970 0.006042
12 0.810379 0.545104 0.002879 0.008542
12 0.811818 0.529583 0.026061 0.006667
12 0.795227 0.463021 0.003182 0.016042
12 0.727045 0.463021 0.003182 0.016042
12 0.658864 0.463021 0.003182 0.016042
12 0.590833 0.463021 0.003182 0.016042
12 0.522652 0.463021 0.003182 0.016042
12 0.454470 0.463021 0.003182 0.016042
12 0.386288 0.463021 0.003182 0.016042
12 0.318106 0.463021 0.003182 0.016042
12 0.249924 0.463021 0.003182 0.016042
12 0.147652 0.426667 0.008030 0.002917
12 0.817197 0.427917 0.002879 0.008750
12 0.810379 0.427500 0.002879 0.007917
12 0.201439 0.427917 0.003485 0.010833
12 0.625000 0.420417 0.010303 0.006667
12 0.352273 0.420417 0.010303 0.006667
12 0.215909 0.422604 0.010303 0.011042
12 0.398561 0.427917 0.035303 0.049583
12 0.795227 0.392708 0.003182 0.015833
12 0.727045 0.392708 0.003182 0.015833
12 0.658864 0.392708 0.003182 0.015833
12 0.590833 0.392708 0.003182 0.015833
12 0.522652 0.392708 0.003182 0.015833
12 0.454470 0.392708 0.003182 0.015833
12 0.386288 0.392708 0.003182 0.015833
12 0.318106 0.392708 0.003182 0.015833
12 0.249924 0.392708 0.003182 0.015833
12 0.828561 0.365417 0.005303 0.004167
12 0.761061 0.365417 0.006364 0.004167
12 0.692879 0.365417 0.006364 0.004167
12 0.624773 0.365417 0.006212 0.004167
12 0.556667 0.365417 0.006364 0.004167
12 0.488485 0.365417 0.006364 0.004167
12 0.420303 0.365417 0.006364 0.004167
12 0.352121 0.365417 0.006364 0.004167
12 0.283939 0.365417 0.006364 0.004167
12 0.217879 0.365417 0.006364 0.004167
12 0.146136 0.365417 0.006212 0.004167
12 0.727273 0.365208 0.004242 0.005417
12 0.659091 0.365208 0.004242 0.005417
12 0.201439 0.344479 0.003485 0.009792
12 0.810379 0.310729 0.002879 0.008542
12 0.181061 0.280938 0.006061 0.005625
12 0.170379 0.280938 0.011667 0.005625
12 0.153939 0.280938 0.009394 0.005625
12 0.140076 0.280938 0.008333 0.005625
12 0.186667 0.272188 0.018788 0.005625
12 0.171212 0.272292 0.009091 0.005833
12 0.154167 0.272292 0.016818 0.005833
12 0.149091 0.263229 0.026970 0.006042
0 0.851742 0.265313 0.001061 0.019792
0 0.851742 0.242396 0.001061 0.019792
2 0.199697 0.428542 0.177879 0.405000
2 0.775833 0.427917 0.174697 0.404583
0 0.488939 0.233229 0.384545 0.015208
