0 0.159015 0.560104 0.001364 0.017708
0 0.636364 0.557187 0.001515 0.023542
0 0.431591 0.557187 0.001061 0.023542
0 0.840758 0.556667 0.001212 0.023750
0 0.772576 0.556875 0.001212 0.024167
0 0.500000 0.566458 0.001515 0.082083
0 0.704470 0.556771 0.001364 0.101875
0 0.363864 0.557187 0.001970 0.102708
0 0.295379 0.556771 0.001364 0.101875
0 0.227045 0.556667 0.001061 0.101667
0 0.840682 0.321250 0.001061 0.057083
0 0.772576 0.321354 0.001212 0.057292
0 0.636288 0.301667 0.001364 0.017917
0 0.568106 0.321250 0.001364 0.057083
0 0.158939 0.321354 0.001212 0.057292
0 0.704318 0.298750 0.001061 0.023750
0 0.431667 0.298750 0.001212 0.023750
0 0.840682 0.263333 0.001061 0.030000
0 0.499924 0.288958 0.001364 0.081667
0 0.295379 0.299063 0.001364 0.101875
0 0.227121 0.298958 0.001212 0.101667
0 0.363561 0.298854 0.001364 0.101875
