12 0.777619 0.370444 0.015556 0.010667
12 0.801270 0.372222 0.012698 0.016889
12 0.763968 0.366111 0.009524 0.015333
12 0.751667 0.351778 0.010317 0.008889
12 0.759841 0.338556 0.005397 0.008222
12 0.798175 0.308778 0.009683 0.014889
12 0.784762 0.300667 0.016825 0.027111
12 0.774524 0.274889 0.010317 0.012000
12 0.794048 0.262333 0.027143 0.012667
10 0.777143 0.296444 0.060952 0.097778
12 0.777143 0.242444 0.060952 0.034667
12 0.775238 0.217000 0.023810 0.037556
12 0.791349 0.197667 0.011587 0.017556
12 0.753571 0.190556 0.011905 0.007778
12 0.778571 0.198000 0.058095 0.047556
