12 0.197460 0.821000 0.005397 0.010889
12 0.222063 0.800444 0.005397 0.010667
12 0.246746 0.779889 0.005556 0.010444
12 0.449127 0.773889 0.002381 0.008667
12 0.421746 0.773889 0.003175 0.008667
12 0.413016 0.773889 0.003175 0.008667
12 0.387381 0.773889 0.002381 0.008667
12 0.361984 0.773889 0.002381 0.008667
12 0.336587 0.773889 0.002381 0.008667
12 0.311190 0.773889 0.002381 0.008667
12 0.283333 0.773889 0.007302 0.008667
10 0.715476 0.808000 0.122381 0.094667
12 0.842937 0.764556 0.003016 0.009556
