12 0.427540 0.751111 0.009365 0.012889
12 0.401508 0.757333 0.013492 0.025333
12 0.373968 0.751111 0.009206 0.012889
0 0.360079 0.750889 0.001429 0.048889
12 0.445238 0.565444 0.009206 0.025556
12 0.445159 0.540556 0.013492 0.009111
12 0.445238 0.515444 0.009206 0.025556
0 0.316190 0.455111 0.126667 0.003111
0 0.315794 0.390778 0.127460 0.004222
12 0.314841 0.357444 0.006190 0.006444
12 0.340159 0.357000 0.014921 0.010444
0 0.315635 0.325556 0.127778 0.004000
12 0.314841 0.293333 0.006190 0.006222
12 0.317381 0.273667 0.026190 0.009556
0 0.315556 0.262444 0.127937 0.004000
12 0.314841 0.229556 0.006190 0.006222
0 0.315476 0.197889 0.128095 0.004222
