0 0.295649 0.357715 0.034297 0.004446
12 0.292077 0.347377 0.027151 0.006447
0 0.292077 0.336149 0.027151 0.004446
12 0.292077 0.324255 0.027151 0.004669
0 0.291918 0.313473 0.027469 0.003557
0 0.292077 0.302357 0.027151 0.002668
0 0.295649 0.291241 0.034297 0.002668
0 0.292077 0.280124 0.027151 0.002668
0 0.292077 0.269008 0.027151 0.002668
0 0.292077 0.257892 0.027151 0.002668
12 0.292077 0.247999 0.027151 0.010004
12 0.293109 0.224211 0.029216 0.035349
0 0.292077 0.202312 0.027151 0.002668
0 0.291839 0.190307 0.027628 0.004446
0 0.292077 0.180191 0.027151 0.004224
12 0.292077 0.169186 0.027151 0.004891
12 0.292077 0.156959 0.027151 0.006670
12 0.293109 0.147510 0.029216 0.008226
10 0.132661 0.251667 0.074468 0.216541
