12 0.399683 0.771667 0.007302 0.007333
12 0.503889 0.771444 0.025556 0.007778
12 0.472143 0.771000 0.025556 0.006889
12 0.440556 0.771111 0.025556 0.007111
12 0.417143 0.766778 0.008889 0.015333
12 0.578175 0.755222 0.007778 0.010000
12 0.548016 0.764111 0.050635 0.027778
12 0.398492 0.758667 0.012222 0.017333
12 0.407698 0.760222 0.014762 0.020889
12 0.662778 0.371000 0.009365 0.008667
12 0.599603 0.370222 0.008730 0.007111
12 0.614365 0.373778 0.020794 0.016889
12 0.621587 0.364111 0.008254 0.009111
12 0.663413 0.369333 0.034127 0.025778
12 0.637381 0.369333 0.024603 0.025778
12 0.602143 0.362556 0.013810 0.012222
12 0.283492 0.335000 0.002540 0.011333
12 0.276508 0.330556 0.016508 0.020667
12 0.692778 0.334222 0.046190 0.029333
12 0.605397 0.333778 0.090794 0.029333
12 0.298968 0.329111 0.025556 0.039556
12 0.176746 0.329222 0.043651 0.039778
