12 0.566211 0.357048 0.002540 0.012895
12 0.506034 0.357048 0.002540 0.012895
12 0.630915 0.342041 0.017942 0.021120
12 0.605113 0.334149 0.003811 0.010227
12 0.529454 0.317808 0.003652 0.010449
0 0.566370 0.317141 0.002540 0.034904
12 0.539695 0.300800 0.006669 0.003557
12 0.547475 0.298466 0.012702 0.017119
12 0.516910 0.294353 0.012226 0.008893
12 0.606621 0.305247 0.005875 0.040018
12 0.586456 0.291129 0.012226 0.015340
12 0.607733 0.275456 0.003652 0.010227
12 0.530883 0.288906 0.005875 0.039795
12 0.624405 0.264340 0.007463 0.003557
12 0.590346 0.258337 0.005081 0.007114
12 0.532074 0.259004 0.003493 0.010227
12 0.608050 0.257559 0.025246 0.017119
12 0.551445 0.256781 0.008892 0.038684
0 0.566370 0.251890 0.002540 0.035571
12 0.606859 0.204313 0.026993 0.009337
12 0.535805 0.204313 0.026834 0.009337
0 0.566370 0.186972 0.002540 0.035127
12 0.630915 0.168297 0.017942 0.021343
12 0.566211 0.155069 0.002540 0.011338
12 0.506034 0.155069 0.002540 0.011338
0 0.570022 0.255113 0.004763 0.217652
10 0.569943 0.255002 0.139886 0.226767
