12 0.559683 0.744667 0.007937 0.003556
12 0.515635 0.745333 0.018254 0.008444
12 0.549365 0.749333 0.013968 0.022222
12 0.450397 0.749333 0.014127 0.022222
12 0.480159 0.751333 0.015238 0.027111
12 0.587698 0.744556 0.024286 0.032222
12 0.445556 0.706667 0.016508 0.008444
12 0.595476 0.699778 0.008095 0.005778
12 0.587698 0.699778 0.003651 0.005778
0 0.588333 0.671778 0.001429 0.039111
12 0.602381 0.653444 0.019365 0.008667
12 0.563889 0.651556 0.022381 0.032000
12 0.508095 0.630000 0.012381 0.015556
12 0.587540 0.625333 0.003016 0.018667
12 0.503968 0.590111 0.016508 0.026889
12 0.455000 0.590111 0.018889 0.026889
12 0.465079 0.557778 0.025397 0.008444
12 0.489921 0.543444 0.013492 0.015333
0 0.459524 0.530000 0.033651 0.004000
12 0.543492 0.497444 0.019365 0.015333
12 0.464048 0.497444 0.014444 0.015333
12 0.503968 0.497222 0.016508 0.022444
12 0.542778 0.498556 0.051587 0.062444
12 0.388730 0.280667 0.006032 0.017333
12 0.431111 0.274444 0.014603 0.008444
12 0.465556 0.262333 0.010794 0.014444
12 0.379206 0.218778 0.012381 0.008222
12 0.482540 0.213444 0.016508 0.015333
12 0.426984 0.216778 0.024127 0.041556
