12 0.214167 0.761667 0.012037 0.012778
12 0.242315 0.760556 0.002778 0.011111
12 0.254352 0.754722 0.003519 0.021111
10 0.232222 0.761111 0.125185 0.043889
12 0.229907 0.733333 0.006111 0.013333
12 0.343426 0.725000 0.005000 0.025556
12 0.323519 0.714861 0.008148 0.005278
12 0.306204 0.704722 0.031296 0.030556
12 0.449907 0.670278 0.028333 0.012778
12 0.257963 0.651806 0.011481 0.013611
12 0.247037 0.664444 0.047407 0.040000
12 0.233611 0.636667 0.003519 0.013889
12 0.245000 0.630556 0.011852 0.012222
12 0.249907 0.613750 0.008333 0.015833
12 0.294537 0.598333 0.014259 0.005000
12 0.449352 0.598333 0.009815 0.008333
12 0.232778 0.602778 0.005185 0.029444
12 0.257315 0.591250 0.037222 0.019167
12 0.336852 0.579028 0.036296 0.020278
12 0.307685 0.566111 0.011296 0.005556
12 0.467315 0.575556 0.008333 0.025000
12 0.391852 0.566528 0.036296 0.013056
12 0.958148 0.563750 0.016667 0.020278
12 0.204630 0.558889 0.020741 0.012778
12 0.240741 0.565694 0.021111 0.037500
12 0.469167 0.553750 0.004630 0.018611
12 0.455000 0.549306 0.005926 0.011389
12 0.962037 0.540833 0.004444 0.017778
12 0.469259 0.535278 0.004444 0.013889
12 0.198796 0.528889 0.009444 0.012778
12 0.467315 0.521944 0.008333 0.007778
12 0.957870 0.525139 0.012778 0.051944
12 0.466296 0.500278 0.014815 0.007222
12 0.206389 0.507778 0.011296 0.022222
12 0.468796 0.478333 0.011296 0.026667
12 0.471019 0.455694 0.006111 0.011389
