0 0.598519 0.605000 0.030741 0.003889
0 0.569259 0.605000 0.024444 0.003889
12 0.547500 0.605000 0.015370 0.003889
0 0.523426 0.605000 0.029444 0.003889
0 0.612778 0.593611 0.039259 0.003889
12 0.555648 0.593611 0.017222 0.003889
12 0.653056 0.585556 0.015370 0.003889
12 0.599630 0.585556 0.013333 0.003889
12 0.545370 0.585556 0.008889 0.003889
12 0.687037 0.578056 0.016667 0.003889
12 0.650926 0.578056 0.011111 0.003889
12 0.549352 0.578056 0.016481 0.003889
12 0.687037 0.570278 0.016667 0.003889
12 0.602963 0.570278 0.019630 0.003889
0 0.553611 0.570278 0.025370 0.003889
0 0.572593 0.562500 0.032222 0.003889
12 0.547870 0.562500 0.013889 0.003889
12 0.689167 0.554167 0.020926 0.003889
12 0.653333 0.554167 0.015926 0.003889
12 0.603241 0.554167 0.019444 0.003889
12 0.568889 0.554167 0.012593 0.003889
12 0.546759 0.554167 0.010556 0.003889
12 0.650741 0.545694 0.010741 0.003611
12 0.596944 0.545694 0.007963 0.003611
12 0.549537 0.545694 0.017222 0.003611
12 0.689167 0.538333 0.020926 0.003889
12 0.652685 0.538333 0.016111 0.003889
12 0.549352 0.538333 0.016481 0.003889
0 0.553704 0.530694 0.025185 0.003611
12 0.687037 0.530556 0.016667 0.003889
12 0.687037 0.522778 0.016667 0.003889
12 0.599537 0.522778 0.012778 0.003889
12 0.585000 0.522778 0.012222 0.003889
0 0.559167 0.522778 0.036111 0.003889
12 0.689167 0.515556 0.020926 0.003889
12 0.653241 0.515417 0.015741 0.003611
12 0.569074 0.515417 0.012963 0.003611
12 0.546667 0.515417 0.010741 0.003611
12 0.603241 0.515278 0.019444 0.003889
12 0.650185 0.506944 0.010000 0.003889
12 0.631574 0.506944 0.015000 0.003889
12 0.615463 0.506944 0.013519 0.003889
12 0.600093 0.506944 0.013889 0.003889
12 0.549537 0.506944 0.017222 0.003889
12 0.653056 0.499722 0.015370 0.003889
12 0.549352 0.499722 0.016481 0.003889
12 0.689167 0.499583 0.020926 0.004167
12 0.689167 0.491667 0.020926 0.003889
12 0.652685 0.491667 0.016111 0.003889
12 0.618333 0.491667 0.020000 0.003889
12 0.549259 0.491667 0.016296 0.003889
12 0.600185 0.491528 0.014074 0.004167
12 0.687037 0.483889 0.016667 0.003889
0 0.553704 0.483889 0.025185 0.003889
0 0.553426 0.476389 0.024630 0.003889
12 0.687037 0.476250 0.016667 0.004167
12 0.602963 0.476250 0.019630 0.004167
12 0.618704 0.468472 0.015185 0.003611
0 0.554444 0.468472 0.027037 0.003611
12 0.687037 0.468333 0.016667 0.003889
12 0.601296 0.468333 0.016296 0.003889
12 0.689167 0.460556 0.020926 0.003889
12 0.653333 0.460556 0.015926 0.003889
12 0.565185 0.460556 0.020741 0.003889
12 0.547037 0.460556 0.011481 0.003889
12 0.603241 0.460833 0.019444 0.005000
12 0.653056 0.452083 0.015370 0.003611
12 0.599630 0.452083 0.013333 0.003611
12 0.547870 0.452083 0.013889 0.003611
12 0.689167 0.444722 0.020926 0.003889
12 0.653056 0.444722 0.015370 0.003889
12 0.549722 0.444722 0.017222 0.003889
0 0.689167 0.436806 0.020926 0.003611
12 0.653056 0.436806 0.015370 0.003611
12 0.549352 0.436806 0.016481 0.003611
12 0.689167 0.429167 0.020926 0.003889
12 0.653056 0.429167 0.015370 0.003889
12 0.549259 0.429167 0.016296 0.003889
0 0.610741 0.429028 0.035185 0.004167
12 0.687037 0.421389 0.016667 0.003889
12 0.602963 0.421389 0.019630 0.003889
0 0.553981 0.421389 0.025741 0.003889
12 0.618611 0.413750 0.015000 0.003611
12 0.601296 0.413750 0.016296 0.003611
0 0.554537 0.413750 0.027222 0.003611
12 0.687037 0.413611 0.016667 0.003889
0 0.689167 0.405139 0.020926 0.003611
12 0.653241 0.405278 0.015741 0.003889
12 0.568889 0.405278 0.012593 0.003889
12 0.547037 0.405278 0.011481 0.003889
12 0.603241 0.405000 0.019444 0.003889
12 0.650370 0.396667 0.011481 0.003889
12 0.596944 0.396667 0.007963 0.003889
12 0.545370 0.396667 0.008889 0.003889
12 0.689167 0.389167 0.020926 0.003889
12 0.653056 0.389167 0.015370 0.003889
12 0.549259 0.389167 0.016296 0.003889
0 0.610741 0.389028 0.035185 0.004167
12 0.687037 0.381389 0.016667 0.003889
0 0.553704 0.381389 0.025185 0.003889
12 0.650926 0.373750 0.011111 0.003611
0 0.563981 0.373750 0.025000 0.003611
12 0.545370 0.373750 0.008889 0.003611
12 0.687037 0.373611 0.016667 0.003889
12 0.687037 0.365833 0.016667 0.003889
12 0.602963 0.365833 0.019630 0.003889
0 0.553519 0.365833 0.024815 0.003889
12 0.687037 0.358056 0.016667 0.003889
0 0.629815 0.358056 0.025185 0.003889
12 0.604074 0.358056 0.022222 0.003889
0 0.563148 0.358056 0.044074 0.003889
12 0.689167 0.350000 0.020926 0.003889
12 0.652963 0.350000 0.016667 0.003889
12 0.603241 0.350000 0.019444 0.003889
12 0.568889 0.350000 0.012593 0.003889
12 0.546667 0.350000 0.010741 0.003889
12 0.650741 0.341389 0.010741 0.003889
12 0.596944 0.341389 0.007963 0.003889
12 0.545370 0.341389 0.008889 0.003889
12 0.689167 0.333889 0.020926 0.003889
12 0.653056 0.333889 0.015370 0.003889
0 0.610741 0.333889 0.035185 0.003889
12 0.549259 0.333889 0.016296 0.003889
12 0.687037 0.326111 0.016667 0.003889
12 0.602963 0.326111 0.019630 0.003889
0 0.553426 0.326111 0.024630 0.003889
12 0.618796 0.318472 0.015370 0.003611
12 0.687037 0.318333 0.016667 0.003889
12 0.601296 0.318333 0.016296 0.003889
0 0.554815 0.318333 0.027407 0.003889
12 0.689167 0.310556 0.020926 0.003889
12 0.652963 0.310556 0.016667 0.003889
12 0.603241 0.310556 0.019444 0.003889
12 0.568981 0.310556 0.012778 0.003889
12 0.547037 0.310556 0.011481 0.003889
12 0.650741 0.302222 0.010741 0.003889
12 0.598611 0.302083 0.010556 0.003611
12 0.545370 0.302083 0.008889 0.003611
12 0.650741 0.294722 0.010741 0.003889
12 0.598241 0.294722 0.010185 0.003889
12 0.550000 0.294722 0.017037 0.003889
0 0.689167 0.286806 0.020926 0.003611
12 0.653056 0.286806 0.015370 0.003611
12 0.618333 0.286806 0.020000 0.003611
12 0.549259 0.286806 0.016296 0.003611
12 0.600185 0.286667 0.014074 0.003889
12 0.687037 0.279167 0.016667 0.003889
0 0.553704 0.279167 0.025185 0.003889
12 0.650926 0.271250 0.011111 0.003611
12 0.687037 0.271111 0.016667 0.003889
0 0.563981 0.271111 0.025000 0.003889
12 0.687037 0.263472 0.016667 0.003611
12 0.602963 0.263472 0.019630 0.003611
0 0.553981 0.263472 0.025741 0.003611
12 0.687037 0.255833 0.016667 0.003889
12 0.618796 0.255833 0.015370 0.003889
12 0.601296 0.255833 0.016296 0.003889
0 0.554907 0.255833 0.027593 0.003889
12 0.653333 0.247917 0.015926 0.003611
12 0.568981 0.247917 0.012778 0.003611
12 0.546852 0.247917 0.011111 0.003611
12 0.689167 0.247778 0.020926 0.003889
12 0.603241 0.248194 0.019444 0.004722
12 0.650741 0.239444 0.010741 0.003889
12 0.548519 0.239306 0.014815 0.003611
12 0.599537 0.239306 0.013148 0.004167
12 0.650741 0.232083 0.010741 0.003611
12 0.600741 0.232083 0.014074 0.003611
12 0.545926 0.232083 0.010000 0.003611
12 0.650741 0.224444 0.010741 0.003889
12 0.550556 0.224306 0.018889 0.004167
12 0.650741 0.216389 0.010741 0.003889
12 0.598426 0.216389 0.010926 0.003889
12 0.545370 0.216389 0.008889 0.003889
12 0.650741 0.208750 0.010741 0.003611
12 0.598241 0.208750 0.010185 0.003611
12 0.550000 0.208750 0.017037 0.003611
12 0.653056 0.201111 0.015370 0.003889
12 0.551574 0.201111 0.020926 0.003889
12 0.689167 0.200972 0.020926 0.004167
0 0.610741 0.200972 0.035185 0.004167
12 0.687037 0.193333 0.016667 0.003889
0 0.553704 0.193333 0.025185 0.003889
12 0.087037 0.190000 0.006296 0.009444
12 0.079074 0.189722 0.006296 0.009444
12 0.687037 0.185556 0.016667 0.003889
12 0.650926 0.185556 0.011111 0.003889
0 0.563981 0.185556 0.025000 0.003889
12 0.687037 0.177778 0.016667 0.003889
12 0.602963 0.177778 0.019630 0.003889
0 0.553426 0.177778 0.024630 0.003889
12 0.687037 0.170278 0.016667 0.003889
12 0.618796 0.170278 0.015370 0.003889
12 0.601296 0.170278 0.016296 0.003889
0 0.554815 0.170278 0.027407 0.003889
12 0.689167 0.162222 0.020926 0.003889
12 0.653056 0.162222 0.015370 0.003889
12 0.559907 0.162222 0.020185 0.003889
12 0.653056 0.154583 0.015370 0.003611
12 0.689167 0.154444 0.020926 0.003889
12 0.598333 0.154444 0.010370 0.003889
12 0.549630 0.154444 0.017037 0.003889
12 0.689167 0.146944 0.020926 0.003889
12 0.653333 0.146944 0.015926 0.003889
12 0.603241 0.146944 0.019444 0.003889
12 0.565000 0.146944 0.020370 0.003889
12 0.546852 0.146944 0.011852 0.003889
12 0.650370 0.137500 0.011481 0.003889
12 0.600741 0.137500 0.014074 0.003889
12 0.545926 0.137500 0.010000 0.003889
12 0.650741 0.130278 0.010741 0.003889
12 0.550556 0.130278 0.018889 0.003889
12 0.650185 0.122361 0.010000 0.003611
0 0.621481 0.122222 0.027037 0.003889
12 0.599722 0.122222 0.013148 0.003889
12 0.545370 0.122222 0.008889 0.003889
12 0.598241 0.114583 0.010185 0.003611
12 0.650741 0.114444 0.010741 0.003889
12 0.550000 0.114444 0.017037 0.003889
12 0.687037 0.106944 0.016667 0.003889
0 0.553611 0.106806 0.025370 0.004167
12 0.689167 0.099167 0.020926 0.003889
12 0.652685 0.099167 0.016111 0.003889
12 0.599074 0.099028 0.011852 0.003611
0 0.553704 0.099167 0.025185 0.003889
12 0.687037 0.091111 0.016667 0.003889
12 0.602963 0.091111 0.019630 0.003889
0 0.553426 0.091111 0.024630 0.003889
12 0.687037 0.083472 0.016667 0.003611
0 0.562037 0.083472 0.028148 0.003611
12 0.687037 0.075833 0.016667 0.003889
12 0.654352 0.075833 0.017963 0.003889
12 0.599259 0.075694 0.012222 0.003611
0 0.556111 0.075833 0.030000 0.003889
12 0.650741 0.067778 0.010741 0.003889
12 0.597315 0.067778 0.008333 0.003889
0 0.555926 0.067778 0.030000 0.003889
12 0.092778 0.076667 0.007037 0.040000
12 0.698148 0.056528 0.015185 0.004167
12 0.618426 0.056528 0.013519 0.004167
12 0.566111 0.056528 0.018519 0.004167
0 0.522222 0.056528 0.024444 0.004167
12 0.630278 0.043750 0.012407 0.005833
12 0.599815 0.043889 0.027778 0.006111
