12 0.530556 0.807778 0.011111 0.007222
12 0.550278 0.807778 0.006852 0.015000
12 0.292500 0.803194 0.007593 0.007500
12 0.288611 0.808056 0.048704 0.017778
12 0.543426 0.805556 0.007222 0.015000
12 0.307593 0.799444 0.010741 0.015000
12 0.502222 0.783611 0.016296 0.011667
12 0.469352 0.602500 0.043148 0.013333
10 0.315556 0.692639 0.069630 0.193611
12 0.365093 0.574583 0.002778 0.016944
12 0.397685 0.564444 0.006481 0.006667
12 0.398981 0.583889 0.093148 0.051111
10 0.539630 0.657083 0.027407 0.292500
12 0.496481 0.550972 0.026667 0.116944
12 0.470741 0.495833 0.006667 0.008333
12 0.324722 0.491389 0.006852 0.007778
0 0.301019 0.526528 0.003148 0.080833
0 0.254074 0.642361 0.002593 0.314167
