12 0.667037 0.685278 0.024074 0.006111
12 0.666667 0.674028 0.007037 0.006389
12 0.670833 0.635139 0.005741 0.005278
12 0.698333 0.630556 0.004074 0.012222
12 0.808981 0.584861 0.002407 0.015278
12 0.792963 0.561667 0.006296 0.009444
12 0.776019 0.557083 0.005370 0.008056
12 0.808889 0.560139 0.002222 0.014722
12 0.803241 0.554583 0.004259 0.010278
12 0.803241 0.541667 0.004259 0.009444
12 0.810648 0.520556 0.017593 0.016667
12 0.793148 0.514583 0.012593 0.005278
12 0.633796 0.512083 0.018333 0.005278
12 0.795370 0.506111 0.020000 0.005556
12 0.635093 0.503889 0.010556 0.005556
12 0.632222 0.495278 0.020370 0.005556
0 0.753889 0.489306 0.015926 0.001944
12 0.610185 0.440417 0.007778 0.006389
12 0.722778 0.420000 0.006296 0.009444
12 0.780185 0.411250 0.009259 0.005278
12 0.754074 0.343472 0.002222 0.014722
12 0.676944 0.338472 0.009815 0.005278
12 0.732593 0.343889 0.005926 0.023889
12 0.780926 0.332778 0.020370 0.005556
12 0.676852 0.330139 0.021481 0.005278
12 0.780926 0.324028 0.021481 0.005278
12 0.754074 0.318611 0.002222 0.015000
12 0.810370 0.333194 0.023704 0.056389
12 0.771574 0.300556 0.005370 0.005556
12 0.649630 0.266111 0.006296 0.007222
12 0.724907 0.265972 0.006111 0.007500
10 0.776111 0.320556 0.092222 0.137222
12 0.713333 0.255278 0.012963 0.006667
12 0.672500 0.255278 0.035741 0.006667
2 0.648889 0.486944 0.346667 0.470000
