12 0.614537 0.585278 0.006481 0.009444
12 0.568056 0.584583 0.006111 0.009167
12 0.734815 0.584583 0.006296 0.009722
12 0.661389 0.582083 0.006111 0.009722
12 0.785000 0.533611 0.006296 0.009444
12 0.565185 0.529167 0.006296 0.009444
12 0.775093 0.528056 0.006111 0.009444
12 0.662500 0.440278 0.011667 0.009444
12 0.663889 0.423333 0.006296 0.009444
12 0.746852 0.384722 0.006296 0.009444
12 0.765556 0.367083 0.012222 0.010278
12 0.782130 0.302778 0.006111 0.009444
12 0.759259 0.288889 0.006296 0.009444
12 0.120463 0.071528 0.007222 0.029722
