0 0.528611 0.714385 0.051667 0.006943
12 0.778611 0.713968 0.019444 0.007776
12 0.642130 0.703693 0.018333 0.003888
12 0.569815 0.703693 0.018519 0.003888
12 0.606574 0.703277 0.018333 0.004721
12 0.723333 0.690641 0.057407 0.010553
12 0.457222 0.689531 0.010370 0.009997
12 0.472130 0.684254 0.018333 0.003888
12 0.636852 0.671619 0.011481 0.006943
12 0.747685 0.664815 0.008704 0.011108
12 0.698241 0.664815 0.007222 0.011108
12 0.581667 0.662733 0.005556 0.009720
12 0.663611 0.643710 0.011296 0.014996
12 0.636852 0.643710 0.011481 0.014996
12 0.572407 0.633296 0.005556 0.010830
12 0.448241 0.654679 0.010926 0.069703
12 0.559444 0.619272 0.005556 0.007776
12 0.766111 0.617606 0.005556 0.010553
12 0.693981 0.617606 0.005370 0.010553
12 0.636852 0.615801 0.011481 0.006943
12 0.636852 0.603860 0.011481 0.006943
12 0.424259 0.602055 0.014074 0.008331
12 0.705278 0.594002 0.015741 0.005554
12 0.685926 0.593863 0.011852 0.005276
12 0.472407 0.593863 0.014444 0.005276
12 0.580741 0.590392 0.007407 0.007776
0 0.605370 0.630658 0.001111 0.099417
12 0.584815 0.630658 0.015556 0.099417
12 0.537963 0.646487 0.032222 0.131075
12 0.505926 0.596779 0.006667 0.031658
12 0.747685 0.580950 0.008704 0.011108
12 0.417222 0.573868 0.019259 0.008053
0 0.573981 0.570675 0.081667 0.010553
12 0.517222 0.576645 0.014074 0.022494
12 0.571389 0.556373 0.019074 0.005276
12 0.723333 0.555124 0.057407 0.010553
12 0.517222 0.537906 0.014074 0.007776
12 0.641759 0.532213 0.019074 0.006387
12 0.606204 0.532213 0.019074 0.006387
12 0.569537 0.532213 0.019074 0.006387
12 0.781389 0.555957 0.007593 0.065537
12 0.402315 0.527076 0.018333 0.015551
12 0.388056 0.501527 0.003519 0.008886
10 0.434537 0.577895 0.137222 0.233269
