0 0.333796 0.828798 0.056481 0.005832
12 0.336389 0.800472 0.020185 0.012497
12 0.383519 0.794918 0.008519 0.010830
12 0.278611 0.794640 0.002778 0.021383
12 0.346944 0.766176 0.005741 0.005554
12 0.320093 0.766176 0.005741 0.005554
12 0.333519 0.763538 0.017037 0.010830
12 0.332037 0.751874 0.022963 0.005276
12 0.411574 0.730492 0.011667 0.005276
12 0.387870 0.727576 0.006852 0.013885
12 0.355370 0.713552 0.011111 0.006387
12 0.312222 0.713552 0.011111 0.006387
0 0.425556 0.727715 0.001852 0.052485
12 0.285648 0.703277 0.007593 0.008053
12 0.407315 0.701472 0.007222 0.008331
12 0.378148 0.696196 0.014444 0.003888
0 0.321944 0.698556 0.094259 0.016384
12 0.424907 0.691613 0.018333 0.012497
10 0.421389 0.757984 0.042407 0.147459
12 0.409630 0.680922 0.012222 0.007220
12 0.431759 0.677451 0.007963 0.013052
12 0.287963 0.676201 0.014074 0.013330
12 0.318426 0.662038 0.008704 0.005554
12 0.287778 0.662316 0.010741 0.007776
12 0.381389 0.661205 0.009815 0.007220
12 0.360463 0.654818 0.010556 0.012219
12 0.279167 0.659956 0.003889 0.022494
12 0.382963 0.650930 0.008519 0.008331
12 0.419444 0.641350 0.007407 0.005276
12 0.287963 0.643710 0.014074 0.010553
12 0.431759 0.642044 0.007963 0.012774
12 0.400556 0.642044 0.009630 0.021105
12 0.429630 0.624271 0.021481 0.004443
12 0.414815 0.625104 0.006296 0.006109
12 0.378981 0.625104 0.016111 0.006109
10 0.413889 0.726465 0.051852 0.209942
12 0.377593 0.440989 0.003704 0.008331
12 0.377593 0.429186 0.003704 0.008053
12 0.377593 0.417523 0.003704 0.008053
12 0.377593 0.405859 0.003704 0.008053
12 0.332685 0.405998 0.004259 0.020550
12 0.377593 0.393641 0.003704 0.009164
10 0.372778 0.424049 0.090000 0.076645
12 0.359074 0.376701 0.022963 0.005832
12 0.412130 0.373507 0.006111 0.008331
12 0.402685 0.362816 0.019074 0.019161
12 0.339074 0.351152 0.007407 0.008053
12 0.377685 0.345598 0.011667 0.006387
0 0.330833 0.337823 0.002037 0.032491
12 0.337315 0.305471 0.005370 0.007776
12 0.356759 0.299778 0.014259 0.009164
12 0.335463 0.306720 0.022407 0.023049
12 0.356204 0.286171 0.014259 0.009164
12 0.337315 0.280478 0.005370 0.007776
12 0.375463 0.273674 0.005000 0.008609
12 0.335370 0.279228 0.021481 0.023049
12 0.354444 0.251874 0.005185 0.007776
12 0.400556 0.253818 0.005556 0.016107
12 0.373148 0.261177 0.078148 0.062483
12 0.330000 0.247015 0.010741 0.034157
10 0.381852 0.284504 0.068148 0.139128
12 0.413426 0.215635 0.008704 0.008053
12 0.359074 0.212441 0.022963 0.021105
12 0.377593 0.192447 0.003704 0.009442
12 0.377593 0.180089 0.003704 0.008053
0 0.431481 0.291586 0.007037 0.231602
12 0.333889 0.177867 0.002593 0.020272
12 0.377593 0.168425 0.003704 0.008053
12 0.377593 0.156762 0.003704 0.008053
10 0.384074 0.303943 0.118519 0.316856
