12 0.309815 0.747015 0.006296 0.009442
12 0.420185 0.744793 0.006296 0.009442
12 0.691481 0.639406 0.006296 0.009164
12 0.341481 0.637878 0.006296 0.009442
12 0.806852 0.637601 0.006296 0.009442
12 0.391574 0.635379 0.006111 0.009442
12 0.545000 0.628298 0.006296 0.009164
12 0.483426 0.616218 0.006111 0.009442
12 0.314907 0.567620 0.006111 0.009442
12 0.373333 0.566787 0.006296 0.009442
12 0.542130 0.555124 0.006111 0.009442
12 0.430648 0.552347 0.006111 0.009442
12 0.532778 0.537073 0.006296 0.009442
12 0.432593 0.477645 0.006296 0.009442
12 0.803704 0.461816 0.006296 0.009442
12 0.469259 0.459872 0.006296 0.009442
12 0.692222 0.459456 0.006296 0.009164
12 0.560833 0.459595 0.006111 0.009442
12 0.411667 0.382671 0.006296 0.009442
12 0.365370 0.379894 0.009630 0.017773
12 0.469815 0.375312 0.006296 0.009720
12 0.363519 0.303527 0.006296 0.009442
12 0.414815 0.290753 0.006296 0.009442
12 0.469259 0.254374 0.006296 0.009442
12 0.121574 0.203555 0.006111 0.009442
12 0.414352 0.159956 0.012407 0.011663
12 0.366667 0.146626 0.006296 0.009442
12 0.365463 0.112469 0.006111 0.009442
12 0.470370 0.110803 0.006296 0.009442
12 0.105000 0.096501 0.010370 0.019161
12 0.468704 0.075396 0.006296 0.009720
12 0.372407 0.064149 0.006296 0.009442
12 0.420926 0.062483 0.006296 0.009442
