12 0.411574 0.730492 0.011667 0.005276
0 0.425556 0.727715 0.001852 0.052485
12 0.407315 0.701472 0.007222 0.008331
12 0.378148 0.695918 0.014444 0.003332
0 0.321944 0.693835 0.094259 0.006943
12 0.424907 0.691613 0.018333 0.012497
10 0.421574 0.757428 0.042778 0.146348
12 0.409630 0.680922 0.012222 0.007220
12 0.431759 0.677451 0.007963 0.013052
12 0.287963 0.676201 0.014074 0.013330
12 0.318426 0.662038 0.008704 0.005554
12 0.287778 0.662316 0.010741 0.007776
12 0.381389 0.661205 0.009815 0.007220
12 0.360463 0.654818 0.010556 0.012219
12 0.279167 0.659956 0.003889 0.022494
12 0.382963 0.650930 0.008519 0.008331
12 0.419444 0.641350 0.007407 0.005276
12 0.287963 0.643710 0.014074 0.010553
12 0.431759 0.642044 0.007963 0.012774
12 0.400556 0.642044 0.009630 0.021105
12 0.429630 0.624410 0.021481 0.004166
12 0.414815 0.625243 0.006296 0.005832
10 0.413889 0.726465 0.051852 0.208275
12 0.378981 0.625243 0.016111 0.005832
