12 0.731111 0.419050 0.003704 0.008331
12 0.731111 0.407526 0.003704 0.008609
12 0.731111 0.395862 0.003704 0.008609
12 0.731111 0.384060 0.003704 0.008331
12 0.780648 0.371980 0.008704 0.010275
12 0.794167 0.394751 0.004630 0.056929
12 0.756111 0.394751 0.018889 0.056929
12 0.727685 0.371425 0.017593 0.010275
12 0.696389 0.371425 0.010556 0.010275
12 0.776204 0.340600 0.013519 0.005276
12 0.762500 0.340600 0.010185 0.005276
12 0.749074 0.346987 0.010741 0.029714
12 0.735278 0.341572 0.002778 0.020550
12 0.741759 0.323521 0.025370 0.014996
12 0.734722 0.307276 0.002778 0.020828
12 0.749074 0.299778 0.010741 0.029714
12 0.758611 0.298806 0.006111 0.028881
12 0.777685 0.320605 0.035000 0.082477
