12 0.688148 0.418773 0.004444 0.007776
12 0.237685 0.418495 0.004630 0.007776
12 0.279167 0.385726 0.008704 0.007776
12 0.704259 0.408081 0.008148 0.057484
12 0.579352 0.406415 0.069815 0.063593
12 0.644907 0.377534 0.006481 0.018051
12 0.579907 0.337962 0.014259 0.003888
0 0.579722 0.330741 0.026481 0.003888
12 0.657222 0.350319 0.007037 0.059706
12 0.268519 0.350319 0.007037 0.059706
12 0.685370 0.316162 0.009630 0.004166
12 0.645370 0.332130 0.006667 0.052208
12 0.280370 0.312552 0.006667 0.013052
12 0.280833 0.295612 0.010185 0.004166
12 0.852407 0.189114 0.004444 0.007776
0 0.869630 0.120522 0.001481 0.144404
10 0.835000 0.131491 0.086296 0.167453
