12 0.290000 0.818523 0.005556 0.007498
0 0.440185 0.824215 0.001481 0.022216
12 0.325463 0.794918 0.001667 0.021383
0 0.440185 0.787004 0.001481 0.021105
12 0.325463 0.758400 0.001667 0.021105
12 0.348981 0.749375 0.004630 0.008609
0 0.440185 0.750625 0.001481 0.021105
12 0.325463 0.722022 0.001667 0.021105
12 0.388611 0.714385 0.013889 0.008053
0 0.440185 0.719245 0.001481 0.031658
12 0.325463 0.685365 0.001667 0.021105
0 0.440185 0.677590 0.001481 0.021105
12 0.325463 0.648986 0.001667 0.021105
0 0.440185 0.641211 0.001481 0.021105
